-0.6640292644500732	-0.010092043876647949	-0.6640292644500732	3.299999606609344
-0.054106163978576656	-0.00839613676071167	-0.054106163978576656	3.299999606609344
0.3140480875968933	-0.009771037101745605	0.3140480875968933	3.299999606609344
0.7441062927246094	-0.009777331352233886	0.7441062927246094	3.299999606609344
0.7454493284225463	-0.009756875038146972	0.7454493284225463	3.299999606609344
0.5497453451156616	-0.006978750228881836	0.5497453451156616	3.299999606609344
-0.13770757913589476	-0.007703769207000732	-0.13770757913589476	3.299999606609344
-0.31805791854858395	-0.007877254486083984	-0.31805791854858395	3.299999606609344
-0.7000276565551757	-0.009083390235900879	-0.7000276565551757	3.299999606609344
-0.7496232032775878	-0.007844996452331542	-0.7496232032775878	3.299999606609344
-0.32706381082534786	-0.007793855667114258	-0.32706381082534786	3.299999606609344
-0.1473358154296875	-0.007684099674224853	-0.1473358154296875	3.299999606609344
0.3200063824653625	-0.008856403827667236	0.3200063824653625	3.299999606609344
0.7437337517738342	-0.009512186050415039	0.7437337517738342	3.299999606609344
0.7455185651779175	-0.009714782238006592	0.7455185651779175	3.299999606609344
0.4817497372627258	-0.008350896835327148	0.4817497372627258	3.299999606609344
0.1435966372489929	-0.009813129901885986	0.1435966372489929	3.299999606609344
-0.5474263072013855	-0.009929966926574706	-0.5474263072013855	3.299999606609344
-0.6593876481056213	-0.009843814373016357	-0.6593876481056213	3.299999606609344
-0.7324304580688477	-0.008201801776885986	-0.7324304580688477	3.299999606609344
-0.32672116756439207	-0.007270646095275879	-0.32672116756439207	3.299999606609344
-0.053166747093200684	-0.00838315486907959	-0.053166747093200684	3.299999606609344
0.39754289388656616	-0.008118009567260743	0.39754289388656616	3.299999606609344
0.5437536120414733	-0.007260417938232421	0.5437536120414733	3.299999606609344
0.6596516132354736	-0.007588112354278564	0.6596516132354736	3.299999606609344
0.5497992396354675	-0.00773996114730835	0.5497992396354675	3.299999606609344
0.04927690029144287	-0.008897316455841063	0.04927690029144287	3.299999606609344
-0.3190394282341003	-0.007533431053161621	-0.3190394282341003	3.299999606609344
-0.7484355568885803	-0.007813525199890136	-0.7484355568885803	3.299999606609344
-0.7494461774826049	-0.007752156257629394	-0.7494461774826049	3.299999606609344
-0.5532890081405639	-0.009113681316375731	-0.5532890081405639	3.299999606609344
0.1354058504104614	-0.009863877296447754	0.1354058504104614	3.299999606609344
0.31541197299957274	-0.009800541400909423	0.31541197299957274	3.299999606609344
0.6962888717651367	-0.008080637454986573	0.6962888717651367	3.299999606609344
0.7453423261642456	-0.009734058380126953	0.7453423261642456	3.299999606609344
0.3220240831375122	-0.009748220443725586	0.3220240831375122	3.299999606609344
0.14263715744018554	-0.009802508354187011	0.14263715744018554	3.299999606609344
-0.31967200040817256	-0.00784224271774292	-0.31967200040817256	3.299999606609344
-0.7486491680145263	-0.00720219612121582	-0.7486491680145263	3.299999606609344
-0.7493993639945984	-0.007942163944244384	-0.7493993639945984	3.299999606609344
-0.4843587040901184	-0.009003925323486327	-0.4843587040901184	3.299999606609344
-0.14589089155197144	-0.007641613483428955	-0.14589089155197144	3.299999606609344
0.5447701334953308	-0.007775759696960449	0.5447701334953308	3.299999606609344
0.6560284852981567	-0.007615256309509277	0.6560284852981567	3.299999606609344
0.7274277091026305	-0.008511006832122803	0.7274277091026305	3.299999606609344
0.3212542176246643	-0.00931391716003418	0.3212542176246643	3.299999606609344
0.04864629507064819	-0.008921706676483154	0.04864629507064819	3.299999606609344
-0.4032659411430359	-0.007558608055114746	-0.4032659411430359	3.299999606609344
-0.5484766602516175	-0.009605813026428222	-0.5484766602516175	3.299999606609344
-0.6624985814094543	-0.009958291053771972	-0.6624985814094543	3.299999606609344
-0.5544679999351502	-0.010501563549041748	-0.5544679999351502	3.299999606609344
-0.058813476562499994	-0.010937833786010742	-0.058813476562499994	3.299999606609344
0.31016414165496825	-0.013003528118133545	0.31016414165496825	3.299999606609344
0.7141090750694274	-0.012079453468322753	0.7141090750694274	3.299999606609344
0.7403462648391723	-0.009642398357391358	0.7403462648391723	3.299999606609344
0.5431831955909728	-0.012344598770141602	0.5431831955909728	3.299999606609344
-0.14764305353164672	-0.011030280590057373	-0.14764305353164672	3.299999606609344
-0.327055549621582	-0.012675440311431883	-0.327055549621582	3.299999606609344
-0.7092117547988891	-0.012978351116180419	-0.7092117547988891	3.299999606609344
-0.7577419996261596	-0.01079345941543579	-0.7577419996261596	3.299999606609344
-0.33136199712753295	-0.012044441699981688	-0.33136199712753295	3.299999606609344
-0.15252306461334228	-0.01165262460708618	-0.15252306461334228	3.299999606609344
0.3108950614929199	-0.01285640001296997	0.3108950614929199	3.299999606609344
0.7399650692939758	-0.014077091217041015	0.7399650692939758	3.299999606609344
0.7404682159423828	-0.012393772602081299	0.7404682159423828	3.299999606609344
0.4736085176467895	-0.011409902572631836	0.4736085176467895	3.299999606609344
0.1353444814682007	-0.01369274854660034	0.1353444814682007	3.299999606609344
-0.5577594995498657	-0.011052310466766357	-0.5577594995498657	3.299999606609344
-0.6693585276603699	-0.0100641131401062	-0.6693585276603699	3.299999606609344
-0.7383800983428954	-0.012745857238769531	-0.7383800983428954	3.299999606609344
-0.32968851327896115	-0.012104237079620361	-0.32968851327896115	3.299999606609344
-0.05660812854766845	-0.012074339389801025	-0.05660812854766845	3.299999606609344
0.3947356581687927	-0.012933897972106933	0.3947356581687927	3.299999606609344
0.5400935053825379	-0.012059390544891357	0.5400935053825379	3.299999606609344
0.6521343111991882	-0.012030673027038573	0.6521343111991882	3.299999606609344
0.5417154550552368	-0.012090468406677246	0.5417154550552368	3.299999606609344
0.044779264926910395	-0.013526737689971924	0.044779264926910395	3.299999606609344
-0.32213501930236815	-0.013018476963043212	-0.32213501930236815	3.299999606609344
-0.7319949746131896	-0.01387646198272705	-0.7319949746131896	3.299999606609344
-0.7501353979110718	-0.01337764263153076	-0.7501353979110718	3.299999606609344
-0.5524105668067932	-0.015311944484710693	-0.5524105668067932	3.299999606609344
0.13778783082962034	-0.015275752544403075	0.13778783082962034	3.299999606609344
0.31735256910324094	-0.015600299835205077	0.31735256910324094	3.299999606609344
0.697246778011322	-0.013852858543395996	0.697246778011322	3.299999606609344
0.7444158911705017	-0.015048766136169433	0.7444158911705017	3.299999606609344
0.31879119873046874	-0.015420913696289062	0.31879119873046874	3.299999606609344
0.13933346271514893	-0.015512967109680175	0.13933346271514893	3.299999606609344
-0.322455632686615	-0.013285589218139647	-0.322455632686615	3.299999606609344
-0.7498816609382629	-0.013167178630828856	-0.7498816609382629	3.299999606609344
-0.7501161217689514	-0.013296997547149657	-0.7501161217689514	3.299999606609344
-0.4830723166465759	-0.014986610412597655	-0.4830723166465759	3.299999606609344
-0.1440167784690857	-0.01295710802078247	-0.1440167784690857	3.299999606609344
0.5460982203483581	-0.013213598728179931	0.5460982203483581	3.299999606609344
0.6570343852043151	-0.012649083137512207	0.6570343852043151	3.299999606609344
0.7267794013023376	-0.014832007884979247	0.7267794013023376	3.299999606609344
0.31841078996658323	-0.015227758884429931	0.31841078996658323	3.299999606609344
0.1387221336364746	-0.015213990211486816	0.1387221336364746	3.299999606609344
-0.4061022877693176	-0.013935863971710205	-0.4061022877693176	3.299999606609344
-0.5517768144607543	-0.01580958366394043	-0.5517768144607543	3.299999606609344
-0.6628105401992798	-0.015485429763793945	-0.6628105401992798	3.299999606609344
-0.5517579317092896	-0.015764737129211424	-0.5517579317092896	3.299999606609344
-0.0495998740196228	-0.013883936405181884	-0.0495998740196228	3.299999606609344
0.31827861070632935	-0.01531391143798828	0.31827861070632935	3.299999606609344
0.7268120527267455	-0.014532244205474852	0.7268120527267455	3.299999606609344
0.7442801713943481	-0.01550077199935913	0.7442801713943481	3.299999606609344
0.5462488889694214	-0.012959861755371093	0.5462488889694214	3.299999606609344
-0.14415210485458374	-0.01330289840698242	-0.14415210485458374	3.299999606609344
-0.32359646558761596	-0.013402032852172851	-0.32359646558761596	3.299999606609344
-0.703334891796112	-0.015137672424316406	-0.703334891796112	3.299999606609344
-0.7500370502471924	-0.013124692440032958	-0.7500370502471924	3.299999606609344
-0.32261810302734373	-0.01330958604812622	-0.32261810302734373	3.299999606609344
-0.14297940731048583	-0.013302111625671386	-0.14297940731048583	3.299999606609344
0.31900677680969236	-0.015647506713867186	0.31900677680969236	3.299999606609344
0.7445154190063477	-0.015558207035064697	0.7445154190063477	3.299999606609344
0.7440811157226562	-0.01557551622390747	0.7440811157226562	3.299999606609344
0.47672181129455565	-0.013810372352600096	0.47672181129455565	3.299999606609344
0.137713086605072	-0.015573155879974364	0.137713086605072	3.299999606609344
-0.5525671362876892	-0.015552699565887451	-0.5525671362876892	3.299999606609344
-0.6634057402610778	-0.015649473667144774	-0.6634057402610778	3.299999606609344
-0.7320846676826477	-0.013614463806152343	-0.7320846676826477	3.299999606609344
-0.32206814289093016	-0.013134527206420898	-0.32206814289093016	3.299999606609344
-0.14246131181716917	-0.01318134069442749	-0.14246131181716917	3.299999606609344
0.4021514654159546	-0.014979135990142821	0.4021514654159546	3.299999606609344
0.5473303198814392	-0.013067257404327392	0.5473303198814392	3.299999606609344
0.6564702630043029	-0.013225400447845459	0.6564702630043029	3.299999606609344
0.5452693462371826	-0.013173866271972656	0.5452693462371826	3.299999606609344
0.04336423873901367	-0.01470140218734741	0.04336423873901367	3.299999606609344
-0.3246830105781555	-0.013257658481597899	-0.3246830105781555	3.299999606609344
-0.7326999306678772	-0.014299356937408447	-0.7326999306678772	3.299999606609344
-0.749817931652069	-0.013186454772949219	-0.749817931652069	3.299999606609344
-0.5505120635032653	-0.01570061445236206	-0.5505120635032653	3.299999606609344
0.14049317836761474	-0.015145933628082274	0.14049317836761474	3.299999606609344
0.31986122131347655	-0.01547166109085083	0.31986122131347655	3.299999606609344
0.6982629060745239	-0.013929569721221923	0.6982629060745239	3.299999606609344
0.7440213203430175	-0.015596759319305419	0.7440213203430175	3.299999606609344
0.3163203120231628	-0.015395736694335936	0.3163203120231628	3.299999606609344
0.13669302463531494	-0.015715956687927246	0.13669302463531494	3.299999606609344
-0.32498474121093746	-0.01303027868270874	-0.32498474121093746	3.299999606609344
-0.7502923607826233	-0.013649475574493407	-0.7502923607826233	3.299999606609344
-0.7496763110160827	-0.013185667991638183	-0.7496763110160827	3.299999606609344
-0.48103612661361694	-0.015118002891540527	-0.48103612661361694	3.299999606609344
-0.14140505790710448	-0.01297166347503662	-0.14140505790710448	3.299999606609344
0.5479750871658325	-0.01356292963027954	0.5479750871658325	3.299999606609344
0.6583518505096435	-0.013155376911163329	0.6583518505096435	3.299999606609344
0.7262377023696899	-0.014835548400878905	0.7262377023696899	3.299999606609344
0.3159528851509094	-0.015599119663238525	0.3159528851509094	3.299999606609344
0.13614070415496826	-0.015924060344696043	0.13614070415496826	3.299999606609344
-0.40844060182571407	-0.013680553436279295	-0.40844060182571407	3.299999606609344
-0.5536761045455932	-0.015668749809265137	-0.5536761045455932	3.299999606609344
-0.6614431142807007	-0.015235233306884765	-0.6614431142807007	3.299999606609344
-0.5498578548431396	-0.015566861629486083	-0.5498578548431396	3.299999606609344
-0.04681938886642456	-0.01363452672958374	-0.04681938886642456	3.299999606609344
0.3207498908042907	-0.015266704559326171	0.3207498908042907	3.299999606609344
0.7275319576263427	-0.01423051357269287	0.7275319576263427	3.299999606609344
0.7568147778511047	-0.01576040983200073	0.7568147778511047	3.299999606609344
0.5445250511169434	-0.012941765785217284	0.5445250511169434	3.299999606609344
-0.146776807308197	-0.013422095775604248	-0.146776807308197	3.299999606609344
-0.3260236859321594	-0.013136494159698486	-0.3260236859321594	3.299999606609344
-0.704265260696411	-0.015606594085693358	-0.704265260696411	3.299999606609344
-0.7496133685111999	-0.013390231132507324	-0.7496133685111999	3.299999606609344
-0.32010354995727536	-0.01324152946472168	-0.32010354995727536	3.299999606609344
-0.14027681350708007	-0.012892985343933105	-0.14027681350708007	3.299999606609344
0.32149969339370726	-0.015752148628234864	0.32149969339370726	3.299999606609344
0.7447522401809692	-0.01520336866378784	0.7447522401809692	3.299999606609344
0.7438698649406432	-0.015502738952636718	0.7438698649406432	3.299999606609344
0.4746384143829345	-0.013314700126647948	0.4746384143829345	3.299999606609344
0.13499515056610106	-0.015659308433532713	0.13499515056610106	3.299999606609344
-0.554355490207672	-0.015752935409545896	-0.554355490207672	3.299999606609344
-0.6646551489830017	-0.016284406185150146	-0.6646551489830017	3.299999606609344
-0.7313065409660339	-0.013822567462921142	-0.7313065409660339	3.299999606609344
-0.31959961652755736	-0.013306045532226562	-0.31959961652755736	3.299999606609344
-0.13975675106048582	-0.013093221187591552	-0.13975675106048582	3.299999606609344
0.4044594883918762	-0.015232479572296141	0.4044594883918762	3.299999606609344
0.5491863369941711	-0.013513755798339843	0.5491863369941711	3.299999606609344
0.6551500439643859	-0.013511788845062255	0.6551500439643859	3.299999606609344
0.5434227705001831	-0.013118004798889159	0.5434227705001831	3.299999606609344
0.04054205417633056	-0.015382754802703857	0.04054205417633056	3.299999606609344
-0.3270771861076355	-0.012935078144073485	-0.3270771861076355	3.299999606609344
-0.7334080338478088	-0.014370954036712645	-0.7334080338478088	3.299999606609344
-0.7495551466941833	-0.012816274166107177	-0.7495551466941833	3.299999606609344
-0.5487154483795166	-0.015586137771606445	-0.5487154483795166	3.299999606609344
0.1431780695915222	-0.015123116970062255	0.1431780695915222	3.299999606609344
0.3222302198410034	-0.015483856201171875	0.3222302198410034	3.299999606609344
0.6992302536964417	-0.013564109802246094	0.6992302536964417	3.299999606609344
0.7437014937400818	-0.01553657054901123	0.7437014937400818	3.299999606609344
0.3138777494430542	-0.015151834487915038	0.3138777494430542	3.299999606609344
0.1340250492095947	-0.015769457817077635	0.1340250492095947	3.299999606609344
-0.3273859977722168	-0.012849318981170654	-0.3273859977722168	3.299999606609344
-0.7506090402603149	-0.01331115961074829	-0.7506090402603149	3.299999606609344
-0.749334454536438	-0.013033819198608397	-0.749334454536438	3.299999606609344
-0.4789070963859558	-0.015540897846221924	-0.4789070963859558	3.299999606609344
-0.13866863250732422	-0.013165998458862304	-0.13866863250732422	3.299999606609344
0.5498051404953003	-0.013498806953430175	0.5498051404953003	3.299999606609344
0.659637451171875	-0.013024771213531494	0.659637451171875	3.299999606609344
0.7255473017692565	-0.015011394023895263	0.7255473017692565	3.299999606609344
0.3134902596473694	-0.015490150451660155	0.3134902596473694	3.299999606609344
0.13348689079284667	-0.01565340757369995	0.13348689079284667	3.299999606609344
-0.41069827079772947	-0.013759624958038329	-0.41069827079772947	3.299999606609344
-0.5555018305778503	-0.015535390377044676	-0.5555018305778503	3.299999606609344
-0.6601272225379944	-0.015079450607299804	-0.6601272225379944	3.299999606609344
-0.5479416489601135	-0.01571202278137207	-0.5479416489601135	3.299999606609344
-0.0441392183303833	-0.013287949562072753	-0.0441392183303833	3.299999606609344
0.3232605099678039	-0.01543586254119873	0.3232605099678039	3.299999606609344
0.7281633496284484	-0.014389443397521972	0.7281633496284484	3.299999606609344
0.7501826047897339	-0.015955138206481933	0.7501826047897339	3.299999606609344
0.5424294590950012	-0.01319432258605957	0.5424294590950012	3.299999606609344
-0.14939560890197753	-0.013277721405029296	-0.14939560890197753	3.299999606609344
-0.3285343050956726	-0.013251757621765135	-0.3285343050956726	3.299999606609344
-0.7052660465240478	-0.015418553352355957	-0.7052660465240478	3.299999606609344
-0.7492581367492676	-0.013087320327758788	-0.7492581367492676	3.299999606609344
-0.31761378049850464	-0.013443338871002197	-0.31761378049850464	3.299999606609344
-0.1377146601676941	-0.01309676170349121	-0.1377146601676941	3.299999606609344
0.3239764809608459	-0.015524768829345703	0.3239764809608459	3.299999606609344
0.7450445294380188	-0.015119576454162597	0.7450445294380188	3.299999606609344
0.7434099912643433	-0.015685665607452392	0.7434099912643433	3.299999606609344
0.4725613117218017	-0.013655769824981689	0.4725613117218017	3.299999606609344
0.13238028287887574	-0.01577653884887695	0.13238028287887574	3.299999606609344
-0.5562378644943237	-0.015458679199218749	-0.5562378644943237	3.299999606609344
-0.6659576654434204	-0.01598149538040161	-0.6659576654434204	3.299999606609344
-0.7306023716926574	-0.013525164127349852	-0.7306023716926574	3.299999606609344
-0.3170941114425659	-0.013833189010620117	-0.3170941114425659	3.299999606609344
-0.13718554973602295	-0.013037359714508055	-0.13718554973602295	3.299999606609344
0.406614875793457	-0.015366232395172118	0.406614875793457	3.299999606609344
0.5508794903755188	-0.01344609260559082	0.5508794903755188	3.299999606609344
0.6538396596908569	-0.0134523868560791	0.6538396596908569	3.299999606609344
0.5415565252304076	-0.013180947303771971	0.5415565252304076	3.299999606609344
0.03798619508743286	-0.015064501762390136	0.03798619508743286	3.299999606609344
-0.329461133480072	-0.01288747787475586	-0.329461133480072	3.299999606609344
-0.7340413928031921	-0.014171111583709716	-0.7340413928031921	3.299999606609344
-0.7560091137886047	-0.013089680671691894	-0.7560091137886047	3.299999606609344
-0.546844482421875	-0.015918946266174315	-0.546844482421875	3.299999606609344
0.14577562808990477	-0.014996838569641112	0.14577562808990477	3.299999606609344
0.3246558666229248	-0.01553499698638916	0.3246558666229248	3.299999606609344
0.7001590490341186	-0.01344097852706909	0.7001590490341186	3.299999606609344
0.743292760848999	-0.015610527992248534	0.743292760848999	3.299999606609344
0.3114458084106445	-0.015036964416503906	0.3114458084106445	3.299999606609344
0.1313031792640686	-0.015530669689178466	0.1313031792640686	3.299999606609344
-0.32977584600448606	-0.012888658046722411	-0.32977584600448606	3.299999606609344
-0.75091313123703	-0.013652622699737549	-0.75091313123703	3.299999606609344
-0.7489929914474487	-0.01344255208969116	-0.7489929914474487	3.299999606609344
-0.4767186641693115	-0.015385115146636963	-0.4767186641693115	3.299999606609344
-0.13604038953781128	-0.01345081329345703	-0.13604038953781128	3.299999606609344
0.5516375541687012	-0.013720285892486571	0.5516375541687012	3.299999606609344
0.6609116435050963	-0.01293586492538452	0.6609116435050963	3.299999606609344
0.7247695684432983	-0.015313124656677245	0.7247695684432983	3.299999606609344
0.31102409362792965	-0.015053880214691161	0.31102409362792965	3.299999606609344
0.13074653148651122	-0.01581273078918457	0.13074653148651122	3.299999606609344
-0.4129685282707214	-0.013680946826934813	-0.4129685282707214	3.299999606609344
-0.5573244094848633	-0.015310370922088623	-0.5573244094848633	3.299999606609344
-0.6588400483131408	-0.015263950824737547	-0.6588400483131408	3.299999606609344
-0.5461631298065185	-0.015607774257659912	-0.5461631298065185	3.299999606609344
-0.04150822162628173	-0.013786375522613525	-0.04150822162628173	3.299999606609344
0.3256436705589294	-0.015525949001312255	0.3256436705589294	3.299999606609344
0.7287546157836914	-0.014122331142425537	0.7287546157836914	3.299999606609344
0.7501495599746704	-0.015715563297271726	0.7501495599746704	3.299999606609344
0.5406359910964965	-0.012863087654113769	0.5406359910964965	3.299999606609344
-0.1520155906677246	-0.01367347240447998	-0.1520155906677246	3.299999606609344
-0.33095326423645016	-0.013150262832641601	-0.33095326423645016	3.299999606609344
-0.706230640411377	-0.015613675117492676	-0.706230640411377	3.299999606609344
-0.74886474609375	-0.013204944133758544	-0.74886474609375	3.299999606609344
-0.315182626247406	-0.013579452037811279	-0.315182626247406	3.299999606609344
-0.1349778413772583	-0.013154983520507812	-0.1349778413772583	3.299999606609344
0.3263549208641052	-0.015315878391265868	0.3263549208641052	3.299999606609344
0.7454147100448608	-0.01541776657104492	0.7454147100448608	3.299999606609344
0.7431672692298888	-0.015938222408294678	0.7431672692298888	3.299999606609344
0.4705125331878662	-0.013723826408386229	0.4705125331878662	3.299999606609344
0.12980868816375732	-0.01588432788848877	0.12980868816375732	3.299999606609344
-0.5579998612403869	-0.015291094779968262	-0.5579998612403869	3.299999606609344
-0.6671586871147155	-0.01590557098388672	-0.6671586871147155	3.299999606609344
-0.7557341337203979	-0.013629806041717528	-0.7557341337203979	3.299999606609344
-0.31462637186050413	-0.013795030117034911	-0.31462637186050413	3.299999606609344
-0.13448925018310545	-0.012752151489257811	-0.13448925018310545	3.299999606609344
0.40889890193939205	-0.015700221061706543	0.40889890193939205	3.299999606609344
0.5527437686920166	-0.013708877563476562	0.5527437686920166	3.299999606609344
0.6526032328605651	-0.013474416732788085	0.6526032328605651	3.299999606609344
0.5397414207458496	-0.013047587871551513	0.5397414207458496	3.299999606609344
0.035258030891418456	-0.01521162986755371	0.035258030891418456	3.299999606609344
-0.3319717526435852	-0.013264739513397216	-0.3319717526435852	3.299999606609344
-0.7346601963043212	-0.014677011966705322	-0.7346601963043212	3.299999606609344
-0.7559442043304443	-0.0130495548248291	-0.7559442043304443	3.299999606609344
-0.5450014472007751	-0.015991723537445067	-0.5450014472007751	3.299999606609344
0.1484365224838257	-0.014802896976470947	0.1484365224838257	3.299999606609344
0.3271538972854614	-0.01557236909866333	0.3271538972854614	3.299999606609344
0.701208221912384	-0.013534212112426757	0.701208221912384	3.299999606609344
0.7430437445640563	-0.016076302528381346	0.7430437445640563	3.299999606609344
0.3089981317520141	-0.015260803699493408	0.3089981317520141	3.299999606609344
0.12872568368911744	-0.016016507148742674	0.12872568368911744	3.299999606609344
-0.3322136878967285	-0.013533425331115722	-0.3322136878967285	3.299999606609344
-0.7512589216232299	-0.013820993900299072	-0.7512589216232299	3.299999606609344
-0.7486597895622253	-0.013529098033905028	-0.7486597895622253	3.299999606609344
-0.4746793270111084	-0.0154732346534729	-0.4746793270111084	3.299999606609344
-0.13343653678894044	-0.01312587261199951	-0.13343653678894044	3.299999606609344
0.5535093069076538	-0.013867020606994629	0.5535093069076538	3.299999606609344
0.6622472047805785	-0.013091647624969482	0.6622472047805785	3.299999606609344
0.7370885968208313	-0.015318238735198974	0.7370885968208313	3.299999606609344
0.30861968994140626	-0.015022802352905273	0.30861968994140626	3.299999606609344
0.12816274166107178	-0.015956711769104005	0.12816274166107178	3.299999606609344
-0.4151365041732788	-0.013685667514801025	-0.4151365041732788	3.299999606609344
-0.5590978145599365	-0.015321385860443114	-0.5590978145599365	3.299999606609344
-0.6575103878974914	-0.01507866382598877	-0.6575103878974914	3.299999606609344
-0.5442555785179138	-0.015777325630187987	-0.5442555785179138	3.299999606609344
-0.038748979568481445	-0.013911473751068115	-0.038748979568481445	3.299999606609344
0.32806144952774047	-0.015537750720977782	0.32806144952774047	3.299999606609344
0.7295036315917969	-0.014403212070465087	0.7295036315917969	3.299999606609344
0.7501582145690917	-0.015511786937713622	0.7501582145690917	3.299999606609344
0.5386816263198853	-0.013101089000701904	0.5386816263198853	3.299999606609344
-0.15466586351394654	-0.013763952255249023	-0.15466586351394654	3.299999606609344
-0.33332540988922116	-0.012767887115478514	-0.33332540988922116	3.299999606609344
-0.7071885466575623	-0.01544727087020874	-0.7071885466575623	3.299999606609344
-0.7485630154609679	-0.013418948650360106	-0.7485630154609679	3.299999606609344
-0.39014242887496947	-0.013966941833496093	-0.39014242887496947	3.299999606609344
-0.13230475187301635	-0.013046801090240479	-0.13230475187301635	3.299999606609344
0.3287380814552307	-0.01578676700592041	0.3287380814552307	3.299999606609344
0.7457129001617431	-0.015151047706604004	0.7457129001617431	3.299999606609344
0.7428151845932006	-0.015732479095458985	0.7428151845932006	3.299999606609344
0.46836186647415157	-0.013781654834747314	0.46836186647415157	3.299999606609344
0.12713756561279296	-0.015764737129211424	0.12713756561279296	3.299999606609344
-0.5598523378372192	-0.014983856678009033	-0.5598523378372192	3.299999606609344
-0.6684419274330139	-0.01594294309616089	-0.6684419274330139	3.299999606609344
-0.7484162807464599	-0.013110136985778807	-0.7484162807464599	3.299999606609344
-0.3122314095497131	-0.013745462894439696	-0.3122314095497131	3.299999606609344
-0.1318204879760742	-0.01321045160293579	-0.1318204879760742	3.299999606609344
0.4111329674720764	-0.01570533514022827	0.4111329674720764	3.299999606609344
0.5546076536178589	-0.014005100727081297	0.5546076536178589	3.299999606609344
0.651213777065277	-0.013771426677703856	0.651213777065277	3.299999606609344
0.5379042863845825	-0.012964582443237303	0.5379042863845825	3.299999606609344
0.032549142837524414	-0.015071189403533934	0.032549142837524414	3.299999606609344
-0.3343895316123962	-0.013117611408233643	-0.3343895316123962	3.299999606609344
-0.7353340744972229	-0.015066075325012206	-0.7353340744972229	3.299999606609344
-0.7559154868125915	-0.013567650318145752	-0.7559154868125915	3.299999606609344
-0.5431930303573608	-0.01614396572113037	-0.5431930303573608	3.299999606609344
0.15107302665710448	-0.015223824977874756	0.15107302665710448	3.299999606609344
0.3295107007026672	-0.016118788719177244	0.3295107007026672	3.299999606609344
0.7021574735641479	-0.013501167297363281	0.7021574735641479	3.299999606609344
0.7426523208618163	-0.015575122833251952	0.7426523208618163	3.299999606609344
0.3902085185050964	-0.014332008361816405	0.3902085185050964	3.299999606609344
0.1260860323905945	-0.016437435150146482	0.1260860323905945	3.299999606609344
-0.33469401597976683	-0.013118791580200195	-0.33469401597976683	3.299999606609344
-0.7515559315681457	-0.0136246919631958	-0.7515559315681457	3.299999606609344
-0.748285675048828	-0.013264739513397216	-0.748285675048828	3.299999606609344
-0.4726171731948852	-0.015863084793090818	-0.4726171731948852	3.299999606609344
-0.13075872659683227	-0.012863087654113769	-0.13075872659683227	3.299999606609344
0.5553149700164794	-0.01378873586654663	0.5553149700164794	3.299999606609344
0.6634918928146362	-0.013107776641845703	0.6634918928146362	3.299999606609344
0.7427734851837158	-0.015837907791137695	0.7427734851837158	3.299999606609344
0.30612874031066895	-0.015064895153045654	0.30612874031066895	3.299999606609344
0.12551718950271606	-0.01585679054260254	0.12551718950271606	3.299999606609344
-0.4174870133399963	-0.013855612277984618	-0.4174870133399963	3.299999606609344
-0.5609561920166015	-0.015182912349700928	-0.5609561920166015	3.299999606609344
-0.65616774559021	-0.015305256843566893	-0.65616774559021	3.299999606609344
-0.5423523545265198	-0.01612626314163208	-0.5423523545265198	3.299999606609344
-0.03606880903244018	-0.013699829578399658	-0.03606880903244018	3.299999606609344
0.33057954311370846	-0.01562429666519165	0.33057954311370846	3.299999606609344
0.7301303029060363	-0.014181339740753173	0.7301303029060363	3.299999606609344
0.7500822901725769	-0.015716350078582762	0.7500822901725769	3.299999606609344
0.5367898106575012	-0.013031458854675292	0.5367898106575012	3.299999606609344
-0.15731023550033568	-0.01401611566543579	-0.15731023550033568	3.299999606609344
-0.3357943296432495	-0.013111317157745361	-0.3357943296432495	3.299999606609344
-0.7081389784812927	-0.015618002414703368	-0.7081389784812927	3.299999606609344
-0.7481688380241394	-0.01348661184310913	-0.7481688380241394	3.299999606609344
-0.3940369963645935	-0.014366233348846435	-0.3940369963645935	3.299999606609344
-0.12969814538955687	-0.013232874870300292	-0.12969814538955687	3.299999606609344
0.33129040002822874	-0.0155314564704895	0.33129040002822874	3.299999606609344
0.7460146307945251	-0.01523129940032959	0.7460146307945251	3.299999606609344
0.7424245476722717	-0.01596379280090332	0.7424245476722717	3.299999606609344
0.46631584167480467	-0.013372528553009033	0.46631584167480467	3.299999606609344
0.12444362640380859	-0.01611170768737793	0.12444362640380859	3.299999606609344
-0.5616800308227539	-0.015232872962951659	-0.5616800308227539	3.299999606609344
-0.6697298884391785	-0.01550077199935913	-0.6697298884391785	3.299999606609344
-0.7482038497924804	-0.013280868530273438	-0.7482038497924804	3.299999606609344
-0.3097668170928955	-0.013853251934051514	-0.3097668170928955	3.299999606609344
-0.12912064790725708	-0.013102662563323974	-0.12912064790725708	3.299999606609344
0.41341423988342285	-0.01553657054901123	0.41341423988342285	3.299999606609344
0.5564066290855407	-0.013873314857482909	0.5564066290855407	3.299999606609344
0.6499167680740356	-0.013812732696533202	0.6499167680740356	3.299999606609344
0.536037254333496	-0.012645936012268065	0.536037254333496	3.299999606609344
0.02993309497833252	-0.015441763401031493	0.02993309497833252	3.299999606609344
-0.2495076298713684	-0.013836336135864257	-0.2495076298713684	3.299999606609344
-0.7359469771385192	-0.01457984447479248	-0.7359469771385192	3.299999606609344
-0.7558615922927856	-0.013389050960540771	-0.7558615922927856	3.299999606609344
-0.5412961006164551	-0.01610029935836792	-0.5412961006164551	3.299999606609344
0.1537295937538147	-0.015181338787078856	0.1537295937538147	3.299999606609344
0.3319347739219665	-0.015537357330322264	0.3319347739219665	3.299999606609344
0.7031149864196777	-0.013535785675048827	0.7031149864196777	3.299999606609344
0.7422691583633423	-0.016073942184448242	0.7422691583633423	3.299999606609344
0.3879347205162048	-0.01436229944229126	0.3879347205162048	3.299999606609344
0.12340861558914185	-0.015514147281646727	0.12340861558914185	3.299999606609344
-0.33706458806991574	-0.013096368312835692	-0.33706458806991574	3.299999606609344
-0.7518124222755431	-0.013794636726379393	-0.7518124222755431	3.299999606609344
-0.7478694677352905	-0.013150262832641601	-0.7478694677352905	3.299999606609344
-0.4704507708549499	-0.01547008752822876	-0.4704507708549499	3.299999606609344
-0.1280604600906372	-0.01317819356918335	-0.1280604600906372	3.299999606609344
0.5571115851402283	-0.013846564292907714	0.5571115851402283	3.299999606609344
0.6647416949272156	-0.013110530376434325	0.6647416949272156	3.299999606609344
0.7424992918968201	-0.015464186668395996	0.7424992918968201	3.299999606609344
0.30364919900894166	-0.014963400363922118	0.30364919900894166	3.299999606609344
0.12291451692581176	-0.01577693223953247	0.12291451692581176	3.299999606609344
-0.4197438955307007	-0.013765525817871093	-0.4197438955307007	3.299999606609344
-0.5627382516860961	-0.01511603593826294	-0.5627382516860961	3.299999606609344
-0.6548074007034301	-0.014790308475494384	-0.6548074007034301	3.299999606609344
-0.5405262351036072	-0.015387475490570068	-0.5405262351036072	3.299999606609344
-0.03348029851913452	-0.013509035110473633	-0.03348029851913452	3.299999606609344
0.2457747459411621	-0.016021621227264405	0.2457747459411621	3.299999606609344
0.7307022929191589	-0.014075517654418945	0.7307022929191589	3.299999606609344
0.7500779628753662	-0.015618002414703368	0.7500779628753662	3.299999606609344
0.534860622882843	-0.013372135162353515	0.534860622882843	3.299999606609344
-0.15991723537445068	-0.014337122440338135	-0.15991723537445068	3.299999606609344
-0.3382317781448364	-0.013612496852874755	-0.3382317781448364	3.299999606609344
-0.7090032577514648	-0.01595356464385986	-0.7090032577514648	3.299999606609344
-0.7477616786956787	-0.013324928283691405	-0.7477616786956787	3.299999606609344
-0.3917635917663574	-0.014705336093902587	-0.3917635917663574	3.299999606609344
-0.12714149951934814	-0.012937045097351073	-0.12714149951934814	3.299999606609344
0.3334379196166992	-0.015754508972167968	0.3334379196166992	3.299999606609344
0.746259319782257	-0.014834368228912353	0.746259319782257	3.299999606609344
0.7420260429382324	-0.015855610370635986	0.7420260429382324	3.299999606609344
0.46426824331283567	-0.01356961727142334	0.46426824331283567	3.299999606609344
0.3026366114616394	-0.014806437492370605	0.3026366114616394	3.299999606609344
-0.5633196830749512	-0.01489652395248413	-0.5633196830749512	3.299999606609344
-0.6709049463272094	-0.01571162939071655	-0.6709049463272094	3.299999606609344
-0.7475964546203613	-0.012782049179077147	-0.7475964546203613	3.299999606609344
-0.3073773622512817	-0.014045226573944091	-0.3073773622512817	3.299999606609344
-0.1266257643699646	-0.01291658878326416	-0.1266257643699646	3.299999606609344
0.4155932307243347	-0.015257656574249268	0.4155932307243347	3.299999606609344
0.5581603646278381	-0.01397716999053955	0.5581603646278381	3.299999606609344
0.6486295938491821	-0.014005887508392333	0.6486295938491821	3.299999606609344
0.5341702222824096	-0.012935471534729003	0.5341702222824096	3.299999606609344
0.027349305152893064	-0.015615248680114746	0.027349305152893064	3.299999606609344
-0.2519871711730957	-0.013614070415496825	-0.2519871711730957	3.299999606609344
-0.7364839553833007	-0.015023589134216309	-0.7364839553833007	3.299999606609344
-0.7557911753654479	-0.013474023342132567	-0.7557911753654479	3.299999606609344
-0.5394345760345459	-0.016128230094909667	-0.5394345760345459	3.299999606609344
0.15619497299194335	-0.014713597297668456	0.15619497299194335	3.299999606609344
0.33430101871490475	-0.015930354595184326	0.33430101871490475	3.299999606609344
0.7039887070655823	-0.013557422161102294	0.7039887070655823	3.299999606609344
0.7418368220329284	-0.01569432020187378	0.7418368220329284	3.299999606609344
0.3857262253761291	-0.014020049571990966	0.3857262253761291	3.299999606609344
0.212964391708374	-0.016082990169525146	0.212964391708374	3.299999606609344
-0.33946151733398433	-0.01316167116165161	-0.33946151733398433	3.299999606609344
-0.7520948767662048	-0.014220678806304931	-0.7520948767662048	3.299999606609344
-0.747511088848114	-0.0135172963142395	-0.747511088848114	3.299999606609344
-0.4684181213378906	-0.015579843521118164	-0.4684181213378906	3.299999606609344
-0.12553371191024779	-0.012938225269317627	-0.12553371191024779	3.299999606609344
0.5588385701179505	-0.014213991165161132	0.5588385701179505	3.299999606609344
0.6659403562545776	-0.013420915603637694	0.6659403562545776	3.299999606609344
0.742094099521637	-0.0157753586769104	0.742094099521637	3.299999606609344
0.30121096372604367	-0.015130198001861571	0.30121096372604367	3.299999606609344
0.1202968955039978	-0.01589062213897705	0.1202968955039978	3.299999606609344
-0.42182532548904417	-0.013573944568634033	-0.42182532548904417	3.299999606609344
-0.5644990682601928	-0.01514672040939331	-0.5644990682601928	3.299999606609344
-0.6534867882728577	-0.01511760950088501	-0.6534867882728577	3.299999606609344
-0.5386509418487548	-0.01574113368988037	-0.5386509418487548	3.299999606609344
-0.030771410465240477	-0.013316667079925536	-0.030771410465240477	3.299999606609344
0.24830188751220703	-0.015545618534088134	0.24830188751220703	3.299999606609344
0.7313273906707763	-0.014269065856933593	0.7313273906707763	3.299999606609344
0.7499603390693664	-0.01566166877746582	0.7499603390693664	3.299999606609344
0.5331127882003784	-0.013155770301818847	0.5331127882003784	3.299999606609344
-0.1624786019325256	-0.014163243770599365	-0.1624786019325256	3.299999606609344
-0.3404937744140625	-0.013184094429016113	-0.3404937744140625	3.299999606609344
-0.7099068760871887	-0.015402030944824218	-0.7099068760871887	3.299999606609344
-0.7492612838745116	-0.006961441040039062	-0.7492612838745116	3.299999606609344
-0.3910472273826599	-0.006065297126770019	-0.3910472273826599	3.299999606609344
-0.21774054765701292	-0.004601490497589111	-0.21774054765701292	3.299999606609344
0.33640605211257935	-0.006617224216461181	0.33640605211257935	3.299999606609344
0.7480032205581665	-0.0055672645568847655	0.7480032205581665	3.299999606609344
0.7431204557418822	-0.006097948551177978	0.7431204557418822	3.299999606609344
0.46313331127166746	-0.0043253302574157715	0.46313331127166746	3.299999606609344
0.11894756555557251	-0.005678200721740722	0.11894756555557251	3.299999606609344
-0.5671446204185485	-0.005055856704711914	-0.5671446204185485	3.299999606609344
-0.6744576573371887	-0.006245076656341553	-0.6744576573371887	3.299999606609344
-0.7494182467460632	-0.005627059936523437	-0.7494182467460632	3.299999606609344
-0.3064296841621399	-0.00383988618850708	-0.3064296841621399	3.299999606609344
-0.12467061281204223	-0.0034889817237854	-0.12467061281204223	3.299999606609344
0.41861132383346555	-0.005923283100128174	0.41861132383346555	3.299999606609344
0.5609754681587219	-0.005164432525634765	0.5609754681587219	3.299999606609344
0.6484879732131957	-0.00532611608505249	0.6484879732131957	3.299999606609344
0.5333865880966187	-0.004149878025054931	0.5333865880966187	3.299999606609344
0.024351274967193602	-0.00590440034866333	0.024351274967193602	3.299999606609344
-0.2557511329650879	-0.0038768649101257324	-0.2557511329650879	3.299999606609344
-0.7394206166267394	-0.005964589118957519	-0.7394206166267394	3.299999606609344
-0.757482361793518	-0.002236819267272949	-0.757482361793518	3.299999606609344
-0.5393126249313355	-0.0027698636054992675	-0.5393126249313355	3.299999606609344
0.1527539849281311	-0.002260422706604004	0.1527539849281311	3.299999606609344
0.33045169115066525	-0.0024413824081420898	0.33045169115066525	3.299999606609344
0.6956500053405761	-0.0018772602081298826	0.6956500053405761	3.299999606609344
0.7327959179878234	-0.0026483058929443358	0.7327959179878234	3.299999606609344
0.37644220590591426	-0.0026573538780212402	0.37644220590591426	3.299999606609344
0.20403875112533568	-0.003010618686676025	0.20403875112533568	3.299999606609344
-0.34607874155044555	-0.014402031898498535	-0.34607874155044555	3.299999606609344
-0.7583497881889343	-0.015272998809814453	-0.7583497881889343	3.299999606609344
-0.7530661582946777	-0.014330828189849853	-0.7530661582946777	3.299999606609344
-0.4709920763969421	-0.01541934013366699	-0.4709920763969421	3.299999606609344
-0.1252988576889038	-0.0072383880615234375	-0.1252988576889038	3.299999606609344
0.5588617801666259	-0.007927215099334717	0.5588617801666259	3.299999606609344
0.6655815839767456	-0.006971275806427001	0.6655815839767456	3.299999606609344
0.7401889085769653	-0.009773790836334229	0.7401889085769653	3.299999606609344
0.2969296932220459	-0.008923673629760742	0.2969296932220459	3.299999606609344
0.11571900844573973	-0.009743893146514892	0.11571900844573973	3.299999606609344
-0.4267356276512146	-0.007336342334747314	-0.4267356276512146	3.299999606609344
-0.5694754600524902	-0.009117615222930907	-0.5694754600524902	3.299999606609344
-0.6554698705673218	-0.008951997756958008	-0.6554698705673218	3.299999606609344
-0.5397563695907592	-0.010004711151123046	-0.5397563695907592	3.299999606609344
-0.030349302291870116	-0.0073292613029479975	-0.030349302291870116	3.299999606609344
0.24910637140274047	-0.009601485729217528	0.24910637140274047	3.299999606609344
0.7301775097846984	-0.007815885543823241	0.7301775097846984	3.299999606609344
0.7483781218528747	-0.009859943389892578	0.7483781218528747	3.299999606609344
0.5291733741760254	-0.00716167688369751	0.5291733741760254	3.299999606609344
-0.16757261753082275	-0.008107388019561767	-0.16757261753082275	3.299999606609344
-0.3453954219818115	-0.007141613960266113	-0.3453954219818115	3.299999606609344
-0.7140894055366516	-0.009673082828521728	-0.7140894055366516	3.299999606609344
-0.7502007007598877	-0.007380795478820801	-0.7502007007598877	3.299999606609344
-0.3895192980766296	-0.009295034408569335	-0.3895192980766296	3.299999606609344
-0.21647737026214597	-0.007534611225128173	-0.21647737026214597	3.299999606609344
0.3366114020347595	-0.010018086433410643	0.3366114020347595	3.299999606609344
0.7454060554504394	-0.008835554122924805	0.7454060554504394	3.299999606609344
0.739658224582672	-0.009911870956420897	0.739658224582672	3.299999606609344
0.457964551448822	-0.006963801383972168	0.457964551448822	3.299999606609344
0.1145813226699829	-0.009667181968688964	0.1145813226699829	3.299999606609344
-0.5702901721000672	-0.008935868740081787	-0.5702901721000672	3.299999606609344
-0.6767196536064147	-0.010051131248474121	-0.6767196536064147	3.299999606609344
-0.7497691512107849	-0.006877648830413818	-0.7497691512107849	3.299999606609344
0.6439513921737671	-0.008458685874938964	0.6439513921737671	3.299999606609344
0.5279680252075195	-0.0074909448623657225	0.5279680252075195	3.299999606609344
0.3788867354393005	-0.008322572708129883	0.3788867354393005	3.299999606609344
0.2062413454055786	-0.009306836128234863	0.2062413454055786	3.299999606609344
0.019259226322174073	-0.00928795337677002	0.019259226322174073	3.299999606609344
-0.16918866634368895	-0.008126664161682128	-0.16918866634368895	3.299999606609344
-0.428401243686676	-0.007286381721496582	-0.428401243686676	3.299999606609344
-0.5709542155265808	-0.008783626556396484	-0.5709542155265808	3.299999606609344
-0.6772094249725341	-0.010168361663818359	-0.6772094249725341	3.299999606609344
-0.7408553123474121	-0.008957111835479736	-0.7408553123474121	3.299999606609344
-0.758489441871643	-0.007569622993469238	-0.758489441871643	3.299999606609344
-0.7290972590446472	-0.0072025895118713375	-0.7290972590446472	3.299999606609344
-0.6540933966636657	-0.008622729778289795	-0.6540933966636657	3.299999606609344
-0.538039219379425	-0.009779298305511474	-0.538039219379425	3.299999606609344
-0.3880366086959839	-0.009241139888763428	-0.3880366086959839	3.299999606609344
-0.21465793848037718	-0.00732729434967041	-0.21465793848037718	3.299999606609344
-0.02818132638931274	-0.007233667373657226	-0.02818132638931274	3.299999606609344
0.2512936234474182	-0.00944530963897705	0.2512936234474182	3.299999606609344
0.4189638018608093	-0.009664821624755859	0.4189638018608093	3.299999606609344
0.5609333753585816	-0.008253729343414307	0.5609333753585816	3.299999606609344
0.6671700954437255	-0.00731745958328247	0.6671700954437255	3.299999606609344
0.7310319542884827	-0.007812738418579102	0.7310319542884827	3.299999606609344
0.7486550688743591	-0.009302115440368653	0.7486550688743591	3.299999606609344
0.7189753174781799	-0.009565293788909912	0.7189753174781799	3.299999606609344
0.6437023758888244	-0.00784066915512085	0.6437023758888244	3.299999606609344
0.5276245951652526	-0.007171118259429931	0.5276245951652526	3.299999606609344
-0.07636538743972777	-0.009118008613586425	-0.07636538743972777	3.299999606609344
-0.2605410575866699	-0.007735240459442138	-0.2605410575866699	3.299999606609344
-0.6774234294891357	-0.009918951988220214	-0.6774234294891357	3.299999606609344
-0.6539769530296325	-0.008680164813995361	-0.6539769530296325	3.299999606609344
-0.5377591252326965	-0.010206127166748047	-0.5377591252326965	3.299999606609344
-0.12167848348617553	-0.00698622465133667	-0.12167848348617553	3.299999606609344
0.2516968488693237	-0.009505891799926757	0.2516968488693237	3.299999606609344
0.730850601196289	-0.008081817626953125	0.730850601196289	3.299999606609344
0.7483966112136841	-0.009836733341217041	0.7483966112136841	3.299999606609344
0.5271729826927185	-0.007070803642272949	0.5271729826927185	3.299999606609344
-0.17040778398513792	-0.008576309680938721	-0.17040778398513792	3.299999606609344
-0.3478324770927429	-0.007764744758605956	-0.3478324770927429	3.299999606609344
-0.7149135589599609	-0.009669935703277587	-0.7149135589599609	3.299999606609344
-0.7498615980148315	-0.0073843359947204585	-0.7498615980148315	3.299999606609344
-0.38700435161590574	-0.009469306468963623	-0.38700435161590574	3.299999606609344
-0.21379837989807127	-0.007640039920806884	-0.21379837989807127	3.299999606609344
0.3387243032455444	-0.009542083740234375	0.3387243032455444	3.299999606609344
0.7455700993537903	-0.00883948802947998	0.7455700993537903	3.299999606609344
0.7392931580543518	-0.010119974613189697	0.7392931580543518	3.299999606609344
0.4557670712471008	-0.007161283493041992	0.4557670712471008	3.299999606609344
0.11175992488861083	-0.009928393363952636	0.11175992488861083	3.299999606609344
-0.5049373626708984	-0.009062933921813964	-0.5049373626708984	3.299999606609344
-0.6779619812965393	-0.009946489334106445	-0.6779619812965393	3.299999606609344
-0.7492479085922241	-0.006892204284667969	-0.7492479085922241	3.299999606609344
-0.3021735906600952	-0.00828559398651123	-0.3021735906600952	3.299999606609344
-0.12079807519912719	-0.007321786880493164	-0.12079807519912719	3.299999606609344
0.4204421639442444	-0.009324538707733154	0.4204421639442444	3.299999606609344
0.5618031620979309	-0.008346962928771972	0.5618031620979309	3.299999606609344
0.642663824558258	-0.008603847026824952	0.642663824558258	3.299999606609344
0.5262831330299377	-0.006965768337249756	0.5262831330299377	3.299999606609344
0.11156952381134033	-0.00976041555404663	0.11156952381134033	3.299999606609344
-0.26222476959228513	-0.007502353191375732	-0.26222476959228513	3.299999606609344
-0.7416704177856445	-0.009523987770080566	-0.7416704177856445	3.299999606609344
-0.7588356256484985	-0.007550346851348876	-0.7588356256484985	3.299999606609344
-0.5365211248397826	-0.010054278373718261	-0.5365211248397826	3.299999606609344
0.1625584602355957	-0.008923280239105224	0.1625584602355957	3.299999606609344
0.33991391658782955	-0.009891414642333984	0.33991391658782955	3.299999606609344
0.7053805232048034	-0.00683673620223999	0.7053805232048034	3.299999606609344
0.739129900932312	-0.010003530979156494	0.739129900932312	3.299999606609344
0.3767097115516662	-0.007916593551635742	0.3767097115516662	3.299999606609344
0.20322521924972534	-0.009654200077056885	0.20322521924972534	3.299999606609344
-0.3493781089782715	-0.007067656517028808	-0.3493781089782715	3.299999606609344
-0.7561082482337951	-0.008739566802978516	-0.7561082482337951	3.299999606609344
-0.7495099067687988	-0.0074732422828674315	-0.7495099067687988	3.299999606609344
-0.4644413352012634	-0.009533822536468506	-0.4644413352012634	3.299999606609344
-0.11980043649673461	-0.007368206977844238	-0.11980043649673461	3.299999606609344
0.4959904789924621	-0.00938866138458252	0.4959904789924621	3.299999606609344
0.6681571125984191	-0.007006287574768066	0.6681571125984191	3.299999606609344
0.7393403649330139	-0.009510612487792969	0.7393403649330139	3.299999606609344
0.29175031185150146	-0.008817458152770996	0.29175031185150146	3.299999606609344
0.11011948585510253	-0.009905576705932617	0.11011948585510253	3.299999606609344
-0.43121752738952634	-0.007118010520935058	-0.43121752738952634	3.299999606609344
-0.5732331275939941	-0.008976387977600097	-0.5732331275939941	3.299999606609344
-0.6526272296905518	-0.008974814414978027	-0.6526272296905518	3.299999606609344
-0.5358059406280518	-0.010271430015563965	-0.5358059406280518	3.299999606609344
-0.11900539398193359	-0.006935083866119384	-0.11900539398193359	3.299999606609344
0.2543298125267029	-0.009356796741485596	0.2543298125267029	3.299999606609344
0.7315587043762206	-0.008127057552337646	0.7315587043762206	3.299999606609344
0.7482337474822998	-0.00961761474609375	0.7482337474822998	3.299999606609344
0.5252729058265686	-0.006720685958862304	0.5252729058265686	3.299999606609344
-0.17317843437194824	-0.008669543266296386	-0.17317843437194824	3.299999606609344
-0.3503867626190185	-0.00703815221786499	-0.3503867626190185	3.299999606609344
-0.7157605290412903	-0.009575915336608886	-0.7157605290412903	3.299999606609344
-0.7493143916130065	-0.0072592377662658684	-0.7493143916130065	3.299999606609344
-0.38449530601501464	-0.009009039402008057	-0.38449530601501464	3.299999606609344
-0.21099114418029785	-0.007457900047302245	-0.21099114418029785	3.299999606609344
0.34126245975494385	-0.009860730171203612	0.34126245975494385	3.299999606609344
0.7458399653434753	-0.00869157314300537	0.7458399653434753	3.299999606609344
0.7388714432716369	-0.009766709804534911	0.7388714432716369	3.299999606609344
0.45361483097076416	-0.006975209712982177	0.45361483097076416	3.299999606609344
0.1090309739112854	-0.009707307815551756	0.1090309739112854	3.299999606609344
-0.5068803191184997	-0.007752943038940429	-0.5068803191184997	3.299999606609344
-0.6791917204856872	-0.010284411907196044	-0.6791917204856872	3.299999606609344
-0.7488143920898437	-0.007018876075744629	-0.7488143920898437	3.299999606609344
-0.2995296120643616	-0.008239960670471192	-0.2995296120643616	3.299999606609344
-0.11802821159362792	-0.007165217399597168	-0.11802821159362792	3.299999606609344
0.42275018692016597	-0.00944530963897705	0.42275018692016597	3.299999606609344
0.5635769605636597	-0.008415806293487548	0.5635769605636597	3.299999606609344
0.641389238834381	-0.008297789096832275	0.641389238834381	3.299999606609344
0.5244137406349182	-0.007237207889556885	0.5244137406349182	3.299999606609344
0.10877645015716553	-0.009508645534515381	0.10877645015716553	3.299999606609344
-0.26491202116012574	-0.008008253574371337	-0.26491202116012574	3.299999606609344
-0.7422648310661315	-0.009260809421539307	-0.7422648310661315	3.299999606609344
-0.7587317705154418	-0.0074736356735229485	-0.7587317705154418	3.299999606609344
-0.5344117641448974	-0.009927213191986084	-0.5344117641448974	3.299999606609344
0.16542942523956297	-0.008474421501159667	0.16542942523956297	3.299999606609344
0.34233956336975097	-0.009789133071899414	0.34233956336975097	3.299999606609344
0.7062184453010558	-0.007062935829162597	0.7062184453010558	3.299999606609344
0.748249089717865	-0.009785199165344238	0.748249089717865	3.299999606609344
0.3742230892181396	-0.007721471786499023	0.3742230892181396	3.299999606609344
0.2003935933113098	-0.0097977876663208	0.2003935933113098	3.299999606609344
-0.3518257856369018	-0.007282054424285888	-0.3518257856369018	3.299999606609344
-0.756384801864624	-0.008529102802276612	-0.756384801864624	3.299999606609344
-0.7490645885467528	-0.00711761713027954	-0.7490645885467528	3.299999606609344
-0.46229853630065915	-0.009640038013458252	-0.46229853630065915	3.299999606609344
-0.11692789793014526	-0.007018482685089111	-0.11692789793014526	3.299999606609344
0.49802273511886597	-0.009446096420288085	0.49802273511886597	3.299999606609344
0.6694494009017944	-0.007356798648834228	0.6694494009017944	3.299999606609344
0.7388147950172423	-0.009722650051116943	0.7388147950172423	3.299999606609344
0.28920664787292477	-0.008472454547882079	0.28920664787292477	3.299999606609344
0.10738148689270019	-0.00997835397720337	0.10738148689270019	3.299999606609344
-0.4336250782012939	-0.007335948944091796	-0.4336250782012939	3.299999606609344
-0.5750431180000305	-0.008753335475921631	-0.5750431180000305	3.299999606609344
-0.6510788440704345	-0.008577096462249755	-0.6510788440704345	3.299999606609344
-0.5337725043296814	-0.010162854194641113	-0.5337725043296814	3.299999606609344
-0.11615055799484253	-0.007228553295135498	-0.11615055799484253	3.299999606609344
0.2569490075111389	-0.009526741504669188	0.2569490075111389	3.299999606609344
0.7320846676826477	-0.007505893707275391	0.7320846676826477	3.299999606609344
0.7481090426445007	-0.009379220008850097	0.7481090426445007	3.299999606609344
0.5232386827468872	-0.007099127769470214	0.5232386827468872	3.299999606609344
-0.17572367191314697	-0.008638465404510498	-0.17572367191314697	3.299999606609344
-0.35284230709075926	-0.007230913639068603	-0.35284230709075926	3.299999606609344
-0.7168226838111877	-0.009882760047912597	-0.7168226838111877	3.299999606609344
-0.7587545871734619	-0.007040119171142578	-0.7587545871734619	3.299999606609344
-0.3821420431137085	-0.009597158432006836	-0.3821420431137085	3.299999606609344
-0.20830664634704588	-0.007998418807983397	-0.20830664634704588	3.299999606609344
0.3437416076660156	-0.009613287448883056	0.3437416076660156	3.299999606609344
0.7460811138153076	-0.008729732036590577	0.7460811138153076	3.299999606609344
0.7384178638458252	-0.010037755966186522	0.7384178638458252	3.299999606609344
0.45129894018173217	-0.006886303424835205	0.45129894018173217	3.299999606609344
0.10633231401443481	-0.00979621410369873	0.10633231401443481	3.299999606609344
-0.5088421583175659	-0.008007073402404785	-0.5088421583175659	3.299999606609344
-0.6805021047592162	-0.01003657579421997	-0.6805021047592162	3.299999606609344
-0.7485807180404662	-0.007466161251068115	-0.7485807180404662	3.299999606609344
-0.2971086859703064	-0.008435869216918945	-0.2971086859703064	3.299999606609344
-0.11528470516204833	-0.0069874048233032225	-0.11528470516204833	3.299999606609344
0.4250645041465759	-0.009936261177062988	0.4250645041465759	3.299999606609344
0.5653897047042846	-0.008575916290283203	0.5653897047042846	3.299999606609344
0.6398601293563843	-0.008306443691253662	0.6398601293563843	3.299999606609344
0.5222512722015381	-0.007303690910339355	0.5222512722015381	3.299999606609344
0.10609588623046874	-0.00955899953842163	0.10609588623046874	3.299999606609344
-0.26747220754623413	-0.007465767860412597	-0.26747220754623413	3.299999606609344
-0.742924153804779	-0.009479534626007079	-0.742924153804779	3.299999606609344
-0.7585657596588135	-0.00823523998260498	-0.7585657596588135	3.299999606609344
-0.5325392246246338	-0.010059392452239989	-0.5325392246246338	3.299999606609344
0.1679833173751831	-0.00852595567703247	0.1679833173751831	3.299999606609344
0.34477347135543823	-0.010136103630065917	0.34477347135543823	3.299999606609344
0.7071067214012146	-0.0070774912834167475	0.7071067214012146	3.299999606609344
0.7479560136795044	-0.009607386589050292	0.7479560136795044	3.299999606609344
0.3718214392662048	-0.007637679576873779	0.3718214392662048	3.299999606609344
0.19785740375518798	-0.009666395187377929	0.19785740375518798	3.299999606609344
-0.3542435646057129	-0.007155776023864746	-0.3542435646057129	3.299999606609344
-0.7567187905311584	-0.008660101890563964	-0.7567187905311584	3.299999606609344
-0.7485555410385132	-0.007434689998626709	-0.7485555410385132	3.299999606609344
-0.45995982885360714	-0.009869778156280517	-0.45995982885360714	3.299999606609344
-0.11424064636230469	-0.007526743412017822	-0.11424064636230469	3.299999606609344
0.5000998377799988	-0.009332406520843505	0.5000998377799988	3.299999606609344
0.6232861876487732	-0.007350504398345947	0.6232861876487732	3.299999606609344
0.7382699489593505	-0.009498023986816406	0.7382699489593505	3.299999606609344
0.2866177439689636	-0.008609354496002197	0.2866177439689636	3.299999606609344
0.1046021819114685	-0.009798574447631835	0.1046021819114685	3.299999606609344
-0.43597952127456663	-0.007683706283569336	-0.43597952127456663	3.299999606609344
-0.5768389463424682	-0.008286380767822265	-0.5768389463424682	3.299999606609344
-0.6496606707572936	-0.008725011348724365	-0.6496606707572936	3.299999606609344
-0.5318429231643677	-0.010136103630065917	-0.5318429231643677	3.299999606609344
-0.11348494291305541	-0.0072151780128479	-0.11348494291305541	3.299999606609344
0.2596567153930664	-0.00945514440536499	0.2596567153930664	3.299999606609344
0.7326066970825195	-0.007745862007141113	0.7326066970825195	3.299999606609344
0.748028004169464	-0.009371745586395263	0.748028004169464	3.299999606609344
0.5211722016334533	-0.007231307029724121	0.5211722016334533	3.299999606609344
-0.17857221364974973	-0.008744680881500244	-0.17857221364974973	3.299999606609344
-0.3553568601608276	-0.007192754745483398	-0.3553568601608276	3.299999606609344
-0.7179045081138611	-0.010020446777343749	-0.7179045081138611	3.299999606609344
-0.7584914088249206	-0.007913446426391602	-0.7584914088249206	3.299999606609344
-0.37973173856735226	-0.009248220920562744	-0.37973173856735226	3.299999606609344
-0.20575668811798095	-0.007954752445220948	-0.20575668811798095	3.299999606609344
0.34629156589508053	-0.009943735599517821	0.34629156589508053	3.299999606609344
0.7463250160217285	-0.00840911865234375	0.7463250160217285	3.299999606609344
0.7379434347152709	-0.009775364398956298	0.7379434347152709	3.299999606609344
0.4491616487503052	-0.007308804988861084	0.4491616487503052	3.299999606609344
0.10344364643096923	-0.009587717056274413	0.10344364643096923	3.299999606609344
-0.5112076163291931	-0.007721078395843506	-0.5112076163291931	3.299999606609344
-0.6347436904907227	-0.009634923934936522	-0.6347436904907227	3.299999606609344
-0.748273479938507	-0.007374107837677002	-0.748273479938507	3.299999606609344
-0.29454574584960935	-0.008793854713439941	-0.29454574584960935	3.299999606609344
-0.11261948347091674	-0.007420921325683593	-0.11261948347091674	3.299999606609344
0.4273182392120361	-0.009838700294494629	0.4273182392120361	3.299999606609344
0.6714092731475829	-0.007273006439208984	0.6714092731475829	3.299999606609344
0.6383978962898254	-0.00853579044342041	0.6383978962898254	3.299999606609344
0.5204255461692809	-0.007531464099884033	0.5204255461692809	3.299999606609344
0.10323003530502319	-0.009785592555999756	0.10323003530502319	3.299999606609344
-0.2700544238090515	-0.008134925365447998	-0.2700544238090515	3.299999606609344
-0.7435126662254333	-0.009499990940093994	-0.7435126662254333	3.299999606609344
-0.7585921168327331	-0.007870173454284668	-0.7585921168327331	3.299999606609344
-0.5304058670997619	-0.009856009483337402	-0.5304058670997619	3.299999606609344
0.1707315444946289	-0.008399283885955811	0.1707315444946289	3.299999606609344
0.34726284742355346	-0.010152626037597656	0.34726284742355346	3.299999606609344
0.70819011926651	-0.0071833133697509766	0.70819011926651	3.299999606609344
0.7479198217391967	-0.009538543224334716	0.7479198217391967	3.299999606609344
0.3693568468093872	-0.00786978006362915	0.3693568468093872	3.299999606609344
0.19516464471817016	-0.009350895881652832	0.19516464471817016	3.299999606609344
-0.35685449838638306	-0.0074366569519042965	-0.35685449838638306	3.299999606609344
-0.7569445967674255	-0.00911564826965332	-0.7569445967674255	3.299999606609344
-0.7482443690299987	-0.007639646530151367	-0.7482443690299987	3.299999606609344
-0.45785597562789915	-0.009698259830474853	-0.45785597562789915	3.299999606609344
-0.10790627002716063	-0.007665610313415527	-0.10790627002716063	3.299999606609344
0.5043992042541504	-0.009307622909545898	0.5043992042541504	3.299999606609344
0.6271087646484375	-0.008042478561401367	0.6271087646484375	3.299999606609344
0.7391668796539306	-0.009407544136047363	0.7391668796539306	3.299999606609344
0.2863404035568237	-0.008636891841888428	0.2863404035568237	3.299999606609344
0.10427802801132202	-0.010090863704681395	0.10427802801132202	3.299999606609344
-0.43493703603744505	-0.007088112831115722	-0.43493703603744505	3.299999606609344
-0.5740620017051696	-0.008778512477874756	-0.5740620017051696	3.299999606609344
-0.6435489535331725	-0.008946096897125244	-0.6435489535331725	3.299999606609344
-0.5255573272705077	-0.01023956537246704	-0.5255573272705077	3.299999606609344
-0.10791964530944824	-0.006560969352722167	-0.10791964530944824	3.299999606609344
0.26444506645202637	-0.009575915336608886	0.26444506645202637	3.299999606609344
0.7350913524627685	-0.007880008220672608	0.7350913524627685	3.299999606609344
0.7498918890953064	-0.009397315979003906	0.7498918890953064	3.299999606609344
0.5216855764389038	-0.007243895530700683	0.5216855764389038	3.299999606609344
-0.17789007425308226	-0.008785593509674072	-0.17789007425308226	3.299999606609344
-0.35480690002441406	-0.007678198814392089	-0.35480690002441406	3.299999606609344
-0.7145071864128112	-0.00985797643661499	-0.7145071864128112	3.299999606609344
-0.7540366530418395	-0.0081215500831604	-0.7540366530418395	3.299999606609344
-0.3746188402175903	-0.009873318672180175	-0.3746188402175903	3.299999606609344
-0.19987628459930418	-0.008144760131835937	-0.19987628459930418	3.299999606609344
0.35115230083465576	-0.009525167942047118	0.35115230083465576	3.299999606609344
0.7484760761260986	-0.008309197425842284	0.7484760761260986	3.299999606609344
0.7395236849784851	-0.009514153003692627	0.7395236849784851	3.299999606609344
0.44356055259704585	-0.012747037410736083	0.44356055259704585	3.299999606609344
0.0973020315170288	-0.013654196262359619	0.0973020315170288	3.299999606609344
-0.5173606395721435	-0.011602270603179931	-0.5173606395721435	3.299999606609344
-0.6403270840644836	-0.011520051956176757	-0.6403270840644836	3.299999606609344
-0.7515630125999451	-0.012342631816864014	-0.7515630125999451	3.299999606609344
-0.2947691917419433	-0.012306046485900878	-0.2947691917419433	3.299999606609344
-0.11248966455459594	-0.01183476448059082	-0.11248966455459594	3.299999606609344
0.42645553350448606	-0.01305938959121704	0.42645553350448606	3.299999606609344
0.5655104756355286	-0.012311160564422607	0.5655104756355286	3.299999606609344
0.63292897939682	-0.012571978569030761	0.63292897939682	3.299999606609344
0.514909815788269	-0.012119972705841064	0.514909815788269	3.299999606609344
0.09736733436584472	-0.013254904747009277	0.09736733436584472	3.299999606609344
-0.2717837691307068	-0.013047587871551513	-0.2717837691307068	3.299999606609344
-0.7407254934310913	-0.015409505367279051	-0.7407254934310913	3.299999606609344
-0.7551113963127136	-0.014047193527221679	-0.7551113963127136	3.299999606609344
-0.525450325012207	-0.015693533420562743	-0.525450325012207	3.299999606609344
0.17533814907073975	-0.014397704601287841	0.17533814907073975	3.299999606609344
0.35165780782699585	-0.015971267223358152	0.35165780782699585	3.299999606609344
0.6718825221061706	-0.012798178195953368	0.6718825221061706	3.299999606609344
0.7492329597473144	-0.015179765224456786	0.7492329597473144	3.299999606609344
0.36860822439193724	-0.013505887985229491	0.36860822439193724	3.299999606609344
0.1940489888191223	-0.01524900197982788	0.1940489888191223	3.299999606609344
-0.35700713396072387	-0.013295423984527587	-0.35700713396072387	3.299999606609344
-0.753936731815338	-0.014883148670196533	-0.753936731815338	3.299999606609344
-0.744400155544281	-0.013494873046875	-0.744400155544281	3.299999606609344
-0.45282883644104	-0.01641973257064819	-0.45282883644104	3.299999606609344
-0.10620721578598022	-0.013252544403076171	-0.10620721578598022	3.299999606609344
0.5061973929405212	-0.015206122398376464	0.5061973929405212	3.299999606609344
0.6281024694442748	-0.013876855373382568	0.6281024694442748	3.299999606609344
0.738548469543457	-0.015673863887786865	0.738548469543457	3.299999606609344
0.28307644128799436	-0.014334368705749511	0.28307644128799436	3.299999606609344
0.10088188648223877	-0.015675830841064452	0.10088188648223877	3.299999606609344
-0.4380098104476928	-0.013080632686614989	-0.4380098104476928	3.299999606609344
-0.5774467349052429	-0.014395737648010254	-0.5774467349052429	3.299999606609344
-0.6950162529945373	-0.014574730396270752	-0.6950162529945373	3.299999606609344
-0.5246985554695129	-0.01583830118179321	-0.5246985554695129	3.299999606609344
-0.10545623302459717	-0.013078272342681885	-0.10545623302459717	3.299999606609344
0.26660517454147337	-0.015097153186798095	0.26660517454147337	3.299999606609344
0.7352337598800659	-0.013321387767791747	0.7352337598800659	3.299999606609344
0.7492030620574951	-0.01529463529586792	0.7492030620574951	3.299999606609344
0.5191013932228088	-0.013117611408233643	0.5191013932228088	3.299999606609344
-0.18163436651229858	-0.01472461223602295	-0.18163436651229858	3.299999606609344
-0.357906424999237	-0.013116037845611571	-0.357906424999237	3.299999606609344
-0.6805827498435973	-0.015514540672302245	-0.6805827498435973	3.299999606609344
-0.7549898386001587	-0.01427103281021118	-0.7549898386001587	3.299999606609344
-0.37260979413986206	-0.015605413913726806	-0.37260979413986206	3.299999606609344
-0.1977437138557434	-0.01367504596710205	-0.1977437138557434	3.299999606609344
0.35322664976119994	-0.015333187580108642	0.35322664976119994	3.299999606609344
0.7482128977775573	-0.014228546619415283	0.7482128977775573	3.299999606609344
0.7383561015129089	-0.015263557434082031	0.7383561015129089	3.299999606609344
0.4465633034706116	-0.013029885292053222	0.4465633034706116	3.299999606609344
0.09976977109909058	-0.01595592498779297	0.09976977109909058	3.299999606609344
-0.5124943971633911	-0.01342170238494873	-0.5124943971633911	3.299999606609344
-0.6345489621162415	-0.015095186233520507	-0.6345489621162415	3.299999606609344
-0.7441314697265624	-0.013381576538085936	-0.7441314697265624	3.299999606609344
-0.28691396713256834	-0.014764738082885741	-0.28691396713256834	3.299999606609344
-0.10451406240463257	-0.013317453861236572	-0.10451406240463257	3.299999606609344
0.43395906686782837	-0.01569392681121826	0.43395906686782837	3.299999606609344
0.572704803943634	-0.015007853507995605	0.572704803943634	3.299999606609344
0.6817900657653808	-0.014759624004364013	0.6817900657653808	3.299999606609344
0.5182855010032653	-0.013195502758026122	0.5182855010032653	3.299999606609344
0.09949990510940551	-0.015734052658081053	0.09949990510940551	3.299999606609344
-0.2728856563568115	-0.013955140113830566	-0.2728856563568115	3.299999606609344
-0.7412864685058593	-0.015752935409545896	-0.7412864685058593	3.299999606609344
-0.7549343705177307	-0.014245855808258056	-0.7549343705177307	3.299999606609344
-0.523490846157074	-0.015329647064208984	-0.523490846157074	3.299999606609344
0.1780120253562927	-0.014202189445495604	0.1780120253562927	3.299999606609344
0.3540535569190979	-0.015719497203826902	0.3540535569190979	3.299999606609344
0.6758758306503295	-0.01310659646987915	0.6758758306503295	3.299999606609344
0.7491318583488464	-0.014861512184143066	0.7491318583488464	3.299999606609344
0.3663230180740356	-0.01366678476333618	0.3663230180740356	3.299999606609344
0.19156590700149534	-0.015123116970062255	0.19156590700149534	3.299999606609344
-0.35933954715728755	-0.013110136985778807	-0.35933954715728755	3.299999606609344
-0.7541318535804749	-0.014528703689575194	-0.7541318535804749	3.299999606609344
-0.7438517689704894	-0.013234055042266844	-0.7438517689704894	3.299999606609344
-0.45063450336456295	-0.01589416265487671	-0.45063450336456295	3.299999606609344
-0.1034810185432434	-0.013315880298614502	-0.1034810185432434	3.299999606609344
0.5082796096801757	-0.01536269187927246	0.5082796096801757	3.299999606609344
0.6295914530754089	-0.013997626304626464	0.6295914530754089	3.299999606609344
0.7381519317626952	-0.015332794189453124	0.7381519317626952	3.299999606609344
0.2806877732276916	-0.014191174507141113	0.2806877732276916	3.299999606609344
0.09821115732192992	-0.01578991413116455	0.09821115732192992	3.299999606609344
-0.44022853374481197	-0.01316167116165161	-0.44022853374481197	3.299999606609344
-0.5791021227836609	-0.014114463329315185	-0.5791021227836609	3.299999606609344
-0.6869234204292297	-0.013583385944366455	-0.6869234204292297	3.299999606609344
-0.5227107524871826	-0.01588590145111084	-0.5227107524871826	3.299999606609344
-0.10279966592788696	-0.013416981697082518	-0.10279966592788696	3.299999606609344
0.26919368505477903	-0.014905571937561035	0.26919368505477903	3.299999606609344
0.7357601165771483	-0.01348503828048706	0.7357601165771483	3.299999606609344
0.7490992069244384	-0.015084564685821533	0.7490992069244384	3.299999606609344
0.5172131180763244	-0.0129197359085083	0.5172131180763244	3.299999606609344
-0.1842220902442932	-0.014729726314544677	-0.1842220902442932	3.299999606609344
-0.3604072093963623	-0.013601481914520264	-0.3604072093963623	3.299999606609344
-0.6818923473358154	-0.015518081188201903	-0.6818923473358154	3.299999606609344
-0.7548592329025268	-0.01429070234298706	-0.7548592329025268	3.299999606609344
-0.37018414735794064	-0.014873313903808593	-0.37018414735794064	3.299999606609344
-0.19516464471817016	-0.013766705989837646	-0.19516464471817016	3.299999606609344
0.35558345317840573	-0.015771818161010743	0.35558345317840573	3.299999606609344
0.7484249353408813	-0.014236414432525634	0.7484249353408813	3.299999606609344
0.7378757715225219	-0.01547480821609497	0.7378757715225219	3.299999606609344
0.4444507956504822	-0.0130204439163208	0.4444507956504822	3.299999606609344
0.09718480110168456	-0.015621936321258544	0.09718480110168456	3.299999606609344
-0.5144644975662231	-0.0133225679397583	-0.5144644975662231	3.299999606609344
-0.635949432849884	-0.015001952648162842	-0.635949432849884	3.299999606609344
-0.7436039328575134	-0.01338433027267456	-0.7436039328575134	3.299999606609344
-0.28443678617477414	-0.014535784721374512	-0.28443678617477414	3.299999606609344
-0.10192594528198241	-0.013223826885223389	-0.10192594528198241	3.299999606609344
0.4361990332603454	-0.016021621227264405	0.4361990332603454	3.299999606609344
0.676558756828308	-0.013308799266815184	0.676558756828308	3.299999606609344
0.6807971477508544	-0.015413439273834227	0.6807971477508544	3.299999606609344
0.5162811756134033	-0.013328468799591063	0.5162811756134033	3.299999606609344
0.09675049781799316	-0.015715563297271726	0.09675049781799316	3.299999606609344
-0.2754859685897827	-0.013985431194305419	-0.2754859685897827	3.299999606609344
-0.7418533444404601	-0.016043651103973388	-0.7418533444404601	3.299999606609344
-0.7547349214553832	-0.0141640305519104	-0.7547349214553832	3.299999606609344
-0.5215333342552185	-0.015608561038970946	-0.5215333342552185	3.299999606609344
0.18059502840042113	-0.014238381385803222	0.18059502840042113	3.299999606609344
0.35642727613449093	-0.015328860282897948	0.35642727613449093	3.299999606609344
0.6770768523216247	-0.013273394107818602	0.6770768523216247	3.299999606609344
0.7489288687705993	-0.014834761619567871	0.7489288687705993	3.299999606609344
0.3639123201370239	-0.013090860843658446	0.3639123201370239	3.299999606609344
0.18884718418121338	-0.014942944049835205	0.18884718418121338	3.299999606609344
-0.36177384853363037	-0.013279688358306884	-0.36177384853363037	3.299999606609344
-0.7543049454689026	-0.015138852596282958	-0.7543049454689026	3.299999606609344
-0.7434013366699218	-0.013625872135162352	-0.7434013366699218	3.299999606609344
-0.44844331741333004	-0.01629660129547119	-0.44844331741333004	3.299999606609344
-0.1007571816444397	-0.013300538063049316	-0.1007571816444397	3.299999606609344
0.5102355480194092	-0.015369772911071777	0.5102355480194092	3.299999606609344
0.6310497522354126	-0.013636493682861328	0.6310497522354126	3.299999606609344
0.7376023650169372	-0.01573837995529175	0.7376023650169372	3.299999606609344
0.278110671043396	-0.014102661609649658	0.278110671043396	3.299999606609344
0.0954420804977417	-0.015880393981933593	0.0954420804977417	3.299999606609344
-0.4424063444137573	-0.01312941312789917	-0.4424063444137573	3.299999606609344
-0.6827971458435058	-0.015476775169372558	-0.6827971458435058	3.299999606609344
-0.6857251524925232	-0.013015723228454588	-0.6857251524925232	3.299999606609344
-0.5207461595535278	-0.016108953952789305	-0.5207461595535278	3.299999606609344
-0.10012185573577881	-0.013015329837799072	-0.10012185573577881	3.299999606609344
0.2716901421546936	-0.01450667381286621	0.2716901421546936	3.299999606609344
0.7363037824630737	-0.01334853172302246	0.7363037824630737	3.299999606609344
0.7489139199256897	-0.014839875698089599	0.7489139199256897	3.299999606609344
0.515279996395111	-0.013260018825531005	0.515279996395111	3.299999606609344
