-0.38157949447631834	-0.0169905424118042	-0.38157949447631834	3.299999606609344
-0.4451124787330627	-0.016632556915283203	-0.4451124787330627	3.299999606609344
-0.47520292997360225	-0.015865445137023926	-0.47520292997360225	3.299999606609344
-0.5317713260650635	-0.016917371749877928	-0.5317713260650635	3.299999606609344
-0.5450738310813904	-0.01587449312210083	-0.5450738310813904	3.299999606609344
-0.5700612187385559	-0.016339874267578124	-0.5700612187385559	3.299999606609344
-0.6228644728660583	-0.013878822326660156	-0.6228644728660583	3.299999606609344
-0.6334836602210998	-0.01539849042892456	-0.6334836602210998	3.299999606609344
-0.662693703174591	-0.015340268611907959	-0.662693703174591	3.299999606609344
-0.6800949454307555	-0.015389835834503172	-0.6800949454307555	3.299999606609344
-0.7097440123558044	-0.014333581924438475	-0.7097440123558044	3.299999606609344
-0.716046130657196	-0.015439796447753906	-0.716046130657196	3.299999606609344
-0.7322790026664734	-0.014952778816223145	-0.7322790026664734	3.299999606609344
-0.7459092020988464	-0.01714317798614502	-0.7459092020988464	3.299999606609344
-0.750007939338684	-0.0149988055229187	-0.750007939338684	3.299999606609344
-0.7544052600860596	-0.016149866580963134	-0.7544052600860596	3.299999606609344
-0.7559544324874877	-0.016047585010528564	-0.7559544324874877	3.299999606609344
-0.7530496358871459	-0.016869771480560302	-0.7530496358871459	3.299999606609344
-0.7512215495109558	-0.01568409204483032	-0.7512215495109558	3.299999606609344
-0.742679464817047	-0.01648346185684204	-0.742679464817047	3.299999606609344
-0.7248348712921142	-0.01481194496154785	-0.7248348712921142	3.299999606609344
-0.7192447900772094	-0.01631312370300293	-0.7192447900772094	3.299999606609344
-0.7031657338142394	-0.014761197566986083	-0.7031657338142394	3.299999606609344
-0.6922275066375732	-0.014503133296966552	-0.6922275066375732	3.299999606609344
-0.653619360923767	-0.014366626739501953	-0.653619360923767	3.299999606609344
-0.643825113773346	-0.015294241905212402	-0.643825113773346	3.299999606609344
-0.6122625946998596	-0.014741134643554686	-0.6122625946998596	3.299999606609344
-0.5184188604354858	-0.01624270677566528	-0.5184188604354858	3.299999606609344
-0.4973280072212219	-0.016808795928955077	-0.4973280072212219	3.299999606609344
-0.4221931457519531	-0.0165385365486145	-0.4221931457519531	3.299999606609344
-0.40632927417755127	-0.015064895153045654	-0.40632927417755127	3.299999606609344
-0.28866416215896606	-0.015501165390014648	-0.28866416215896606	3.299999606609344
-0.27110084295272824	-0.016687238216400144	-0.27110084295272824	3.299999606609344
-0.21709420680999755	-0.014101481437683104	-0.21709420680999755	3.299999606609344
-0.19916464090347288	-0.015287160873413086	-0.19916464090347288	3.299999606609344
-0.14378939867019652	-0.0150704026222229	-0.14378939867019652	3.299999606609344
-0.05002198219299316	-0.015376853942871093	-0.05002198219299316	3.299999606609344
-0.031077861785888672	-0.014433109760284423	-0.031077861785888672	3.299999606609344
-0.012140822410583495	-0.015441763401031493	-0.012140822410583495	3.299999606609344
0.006871354579925537	-0.016917371749877928	0.006871354579925537	3.299999606609344
0.035259997844696044	-0.015793848037719726	0.035259997844696044	3.299999606609344
0.05417500734329223	-0.014322173595428466	0.05417500734329223	3.299999606609344
0.07321432828903197	-0.014507067203521727	0.07321432828903197	3.299999606609344
0.0919936180114746	-0.016475987434387208	0.0919936180114746	3.299999606609344
0.1386501431465149	-0.01510266065597534	0.1386501431465149	3.299999606609344
0.21213394403457642	-0.016720283031463622	0.21213394403457642	3.299999606609344
0.23012763261795044	-0.015086138248443603	0.23012763261795044	3.299999606609344
0.27484631538391113	-0.016162455081939697	0.27484631538391113	3.299999606609344
0.30082976818084717	-0.016782045364379883	0.30082976818084717	3.299999606609344
0.376569664478302	-0.016840660572052	0.376569664478302	3.299999606609344
0.392817485332489	-0.015628230571746827	0.392817485332489	3.299999606609344
0.44003773927688594	-0.016141605377197266	0.44003773927688594	3.299999606609344
0.47003259658813473	-0.015910291671752928	0.47003259658813473	3.299999606609344
0.5264928102493286	-0.017106592655181885	0.5264928102493286	3.299999606609344
0.5397414207458496	-0.015767490863800047	0.5397414207458496	3.299999606609344
0.5716788411140442	-0.015474414825439452	0.5716788411140442	3.299999606609344
0.6176209688186646	-0.014319026470184326	0.6176209688186646	3.299999606609344
0.6279813051223755	-0.015358364582061766	0.6279813051223755	3.299999606609344
0.6571826934814453	-0.01490635871887207	0.6571826934814453	3.299999606609344
0.6745221734046936	-0.014984643459320067	0.6745221734046936	3.299999606609344
0.704128360748291	-0.014406752586364745	0.704128360748291	3.299999606609344
0.7103651762008667	-0.01578322649002075	0.7103651762008667	3.299999606609344
0.7267282605171204	-0.014809584617614745	0.7267282605171204	3.299999606609344
0.740338397026062	-0.01652398109436035	0.740338397026062	3.299999606609344
0.7442498803138733	-0.014884328842163085	0.7442498803138733	3.299999606609344
0.7489001512527466	-0.01621556282043457	0.7489001512527466	3.299999606609344
0.7500606536865234	-0.01543428897857666	0.7500606536865234	3.299999606609344
0.7472774147987366	-0.016872918605804442	0.7472774147987366	3.299999606609344
0.7453364253044128	-0.016081023216247558	0.7453364253044128	3.299999606609344
0.7369666457176208	-0.016193926334381104	0.7369666457176208	3.299999606609344
0.7189926266670227	-0.01472775936126709	0.7189926266670227	3.299999606609344
0.7133514046669006	-0.01602201461791992	0.7133514046669006	3.299999606609344
0.6976279735565185	-0.014749002456665038	0.6976279735565185	3.299999606609344
0.6863998174667358	-0.014330434799194335	0.6863998174667358	3.299999606609344
0.6477747559547424	-0.01413295269012451	0.6477747559547424	3.299999606609344
0.6380898714065552	-0.015169537067413329	0.6380898714065552	3.299999606609344
0.6065415143966675	-0.014785194396972656	0.6065415143966675	3.299999606609344
0.5835254073143005	-0.015204155445098877	0.5835254073143005	3.299999606609344
0.5331182956695556	-0.01430840492248535	0.5331182956695556	3.299999606609344
0.5196615815162658	-0.015271425247192383	0.5196615815162658	3.299999606609344
0.48476979732513426	-0.01542445421218872	0.48476979732513426	3.299999606609344
0.4247073054313659	-0.016741526126861573	0.4247073054313659	3.299999606609344
0.4087891459465027	-0.015966153144836424	0.4087891459465027	3.299999606609344
0.36021602153778076	-0.01641343832015991	0.36021602153778076	3.299999606609344
0.3266169190406799	-0.015724611282348634	0.3266169190406799	3.299999606609344
0.25694546699523924	-0.016553485393524168	0.25694546699523924	3.299999606609344
0.23913667201995847	-0.015317845344543456	0.23913667201995847	3.299999606609344
0.18480706214904785	-0.016261196136474608	0.18480706214904785	3.299999606609344
0.12007226943969726	-0.014101874828338622	0.12007226943969726	3.299999606609344
0.09184098243713379	-0.015966153144836424	0.09184098243713379	3.299999606609344
0.04477690458297729	-0.014621150493621825	0.04477690458297729	3.299999606609344
0.006816673278808593	-0.01520848274230957	0.006816673278808593	3.299999606609344
-0.06877727508544922	-0.014360332489013672	-0.06877727508544922	3.299999606609344
-0.08762068748474121	-0.015264344215393065	-0.08762068748474121	3.299999606609344
-0.1438425064086914	-0.014822173118591308	-0.1438425064086914	3.299999606609344
-0.1808515191078186	-0.015452384948730469	-0.1808515191078186	3.299999606609344
-0.2442641258239746	-0.014091646671295165	-0.2442641258239746	3.299999606609344
-0.27109651565551757	-0.01546025276184082	-0.27109651565551757	3.299999606609344
-0.3146413207054138	-0.01562901735305786	-0.3146413207054138	3.299999606609344
-0.3819921612739563	-0.017002344131469727	-0.3819921612739563	3.299999606609344
-0.3982938766479492	-0.015849709510803223	-0.3982938766479492	3.299999606609344
-0.44551845788955685	-0.016363871097564698	-0.44551845788955685	3.299999606609344
-0.4755912065505981	-0.01624191999435425	-0.4755912065505981	3.299999606609344
-0.532096266746521	-0.01659872531890869	-0.532096266746521	3.299999606609344
-0.5453952312469482	-0.01605584621429443	-0.5453952312469482	3.299999606609344
-0.5772083401679993	-0.015557420253753661	-0.5772083401679993	3.299999606609344
-0.6232134103775024	-0.014418554306030272	-0.6232134103775024	3.299999606609344
-0.6337090730667114	-0.015467727184295654	-0.6337090730667114	3.299999606609344
-0.663408100605011	-0.012262380123138426	-0.663408100605011	3.299999606609344
-0.6823014736175537	-0.006387090682983398	-0.6823014736175537	3.299999606609344
-0.7119312644004822	-0.005435872077941894	-0.7119312644004822	3.299999606609344
-0.7183698892593383	-0.006167578697204589	-0.7183698892593383	3.299999606609344
-0.7342644453048706	-0.006486618518829345	-0.7342644453048706	3.299999606609344
-0.748027217388153	-0.007820212841033935	-0.748027217388153	3.299999606609344
-0.7523147821426391	-0.005016124248504638	-0.7523147821426391	3.299999606609344
-0.7565374374389648	-0.007682526111602783	-0.7565374374389648	3.299999606609344
-0.7582899928092957	-0.007326114177703857	-0.7582899928092957	3.299999606609344
-0.7553202867507934	-0.007056641578674316	-0.7553202867507934	3.299999606609344
-0.7534280776977539	-0.006360340118408202	-0.7534280776977539	3.299999606609344
-0.7446011781692504	-0.006991732120513915	-0.7446011781692504	3.299999606609344
-0.7268057584762573	-0.005839490890502929	-0.7268057584762573	3.299999606609344
-0.7211452603340148	-0.00672461986541748	-0.7211452603340148	3.299999606609344
-0.7046169519424438	-0.006971275806427001	-0.7046169519424438	3.299999606609344
-0.6975426077842712	-0.005580246448516846	-0.6975426077842712	3.299999606609344
-0.6552928447723388	-0.0043253302574157715	-0.6552928447723388	3.299999606609344
-0.6454258203506469	-0.006091654300689697	-0.6454258203506469	3.299999606609344
-0.613582420349121	-0.005937838554382324	-0.613582420349121	3.299999606609344
-0.5906288623809814	-0.005813133716583252	-0.5906288623809814	3.299999606609344
-0.539973521232605	-0.00519118309020996	-0.539973521232605	3.299999606609344
-0.5265179872512817	-0.006258845329284668	-0.5265179872512817	3.299999606609344
-0.4908917427062988	-0.007177019119262695	-0.4908917427062988	3.299999606609344
-0.43110855817794796	-0.00710306167602539	-0.43110855817794796	3.299999606609344
-0.415287172794342	-0.006194329261779785	-0.415287172794342	3.299999606609344
-0.36640838384628294	-0.007022416591644287	-0.36640838384628294	3.299999606609344
-0.332672381401062	-0.006485044956207275	-0.332672381401062	3.299999606609344
-0.2627357840538025	-0.006758451461791992	-0.2627357840538025	3.299999606609344
-0.24453123807907104	-0.005598342418670654	-0.24453123807907104	3.299999606609344
-0.19304938316345213	-0.0053147077560424805	-0.19304938316345213	3.299999606609344
-0.1286403179168701	-0.0050078630447387695	-0.1286403179168701	3.299999606609344
-0.1013862133026123	-0.0056211590766906735	-0.1013862133026123	3.299999606609344
-0.054013717174530025	-0.004812347888946533	-0.054013717174530025	3.299999606609344
-0.015494477748870849	-0.017582201957702635	-0.015494477748870849	3.299999606609344
0.06201843023300171	-0.00887528657913208	0.06201843023300171	3.299999606609344
0.08085279464721679	-0.010335159301757811	0.08085279464721679	3.299999606609344
0.13734251260757446	-0.009534215927124024	0.13734251260757446	3.299999606609344
0.2107755661010742	-0.011461830139160155	0.2107755661010742	3.299999606609344
0.22872008085250853	-0.009494483470916748	0.22872008085250853	3.299999606609344
0.27362877130508423	-0.011008644104003906	0.27362877130508423	3.299999606609344
0.29098398685455323	-0.011887872219085693	0.29098398685455323	3.299999606609344
0.37494889497756956	-0.011733663082122802	0.37494889497756956	3.299999606609344
0.3912108778953552	-0.010587716102600097	0.3912108778953552	3.299999606609344
0.4383756637573242	-0.01117032766342163	0.4383756637573242	3.299999606609344
0.46828987598419186	-0.010354435443878172	0.46828987598419186	3.299999606609344
0.5247843146324157	-0.011725008487701416	0.5247843146324157	3.299999606609344
0.5380061745643615	-0.010376465320587157	0.5380061745643615	3.299999606609344
0.5703558683395386	-0.009979927539825439	0.5703558683395386	3.299999606609344
0.615795636177063	-0.008970093727111815	0.615795636177063	3.299999606609344
0.6264057755470276	-0.010468125343322754	0.6264057755470276	3.299999606609344
0.6556929230690002	-0.009175050258636474	0.6556929230690002	3.299999606609344
0.6731527805328369	-0.010455930233001709	0.6731527805328369	3.299999606609344
0.7027137279510498	-0.008728158473968505	0.7027137279510498	3.299999606609344
0.7089328408241271	-0.010337913036346435	0.7089328408241271	3.299999606609344
0.7254147291183471	-0.00934460163116455	0.7254147291183471	3.299999606609344
0.7388863921165466	-0.01177142858505249	0.7388863921165466	3.299999606609344
0.741436743736267	-0.010570013523101806	0.741436743736267	3.299999606609344
0.747533118724823	-0.011185276508331298	0.747533118724823	3.299999606609344
0.7484249353408813	-0.01049448251724243	0.7484249353408813	3.299999606609344
0.7456534981727599	-0.012486612796783446	0.7456534981727599	3.299999606609344
0.74366215467453	-0.01071045398712158	0.74366215467453	3.299999606609344
0.7353325009346008	-0.01126788854598999	0.7353325009346008	3.299999606609344
0.717333698272705	-0.0094598650932312	0.717333698272705	3.299999606609344
0.7115060091018677	-0.011289131641387938	0.7115060091018677	3.299999606609344
0.6958620429039001	-0.009535396099090576	0.6958620429039001	3.299999606609344
0.6884340405464172	-0.008672690391540528	0.6884340405464172	3.299999606609344
0.6457082748413085	-0.009024381637573242	0.6457082748413085	3.299999606609344
0.6360347986221313	-0.010426819324493408	0.6360347986221313	3.299999606609344
0.6044081568717956	-0.009407544136047363	0.6044081568717956	3.299999606609344
0.5812791466712951	-0.010434293746948242	0.5812791466712951	3.299999606609344
0.530831515789032	-0.008802902698516845	0.530831515789032	3.299999606609344
0.5172674059867859	-0.010375678539276123	0.5172674059867859	3.299999606609344
0.48252589702606197	-0.010509037971496582	0.48252589702606197	3.299999606609344
0.421933114528656	-0.011987793445587158	0.421933114528656	3.299999606609344
0.40626515150070186	-0.01032729148864746	0.40626515150070186	3.299999606609344
0.3577738523483276	-0.011172688007354735	0.3577738523483276	3.299999606609344
0.3240996122360229	-0.010533821582794188	0.3240996122360229	3.299999606609344
0.25693287849426266	-0.011976385116577148	0.25693287849426266	3.299999606609344
0.23911110162734983	-0.01071871519088745	0.23911110162734983	3.299999606609344
0.1845108389854431	-0.011065685749053955	0.1845108389854431	3.299999606609344
0.11970916986465453	-0.008792674541473389	0.11970916986465453	3.299999606609344
0.10142751932144164	-0.010458290576934814	0.10142751932144164	3.299999606609344
0.04469114542007446	-0.00941108465194702	0.04469114542007446	3.299999606609344
0.007281661033630371	-0.010664427280426025	0.007281661033630371	3.299999606609344
-0.06814391613006592	-0.009309589862823486	-0.06814391613006592	3.299999606609344
-0.08691179752349854	-0.010709273815155029	-0.08691179752349854	3.299999606609344
-0.14317020177841186	-0.009490156173706054	-0.14317020177841186	3.299999606609344
-0.21681411266326903	-0.011562931537628173	-0.21681411266326903	3.299999606609344
-0.23466932773590088	-0.009885120391845702	-0.23466932773590088	3.299999606609344
-0.2800205826759338	-0.010571193695068358	-0.2800205826759338	3.299999606609344
-0.29729318618774414	-0.011325716972351074	-0.29729318618774414	3.299999606609344
-0.3816306352615356	-0.012036573886871337	-0.3816306352615356	3.299999606609344
-0.3978548526763916	-0.010650265216827392	-0.3978548526763916	3.299999606609344
-0.4449366331100464	-0.011151051521301268	-0.4449366331100464	3.299999606609344
-0.4746891617774963	-0.011053097248077392	-0.4746891617774963	3.299999606609344
-0.5309912323951721	-0.01170337200164795	-0.5309912323951721	3.299999606609344
-0.5442449569702148	-0.010752153396606444	-0.5442449569702148	3.299999606609344
-0.5760722279548645	-0.010127842426300049	-0.5760722279548645	3.299999606609344
-0.6218215942382812	-0.009535396099090576	-0.6218215942382812	3.299999606609344
-0.6323621034622192	-0.010881185531616211	-0.6323621034622192	3.299999606609344
-0.6615615248680115	-0.009900856018066406	-0.6615615248680115	3.299999606609344
-0.6788667798042297	-0.011017298698425292	-0.6788667798042297	3.299999606609344
-0.7148691058158874	-0.012296211719512938	-0.7148691058158874	3.299999606609344
-0.7240461230278015	-0.013563323020935058	-0.7240461230278015	3.299999606609344
-0.7393218755722045	-0.013130593299865722	-0.7393218755722045	3.299999606609344
-0.7531188726425171	-0.014092040061950683	-0.7531188726425171	3.299999606609344
-0.7560921192169189	-0.012061750888824462	-0.7560921192169189	3.299999606609344
-0.7614654421806335	-0.012469303607940673	-0.7614654421806335	3.299999606609344
-0.763098406791687	-0.012309587001800536	-0.763098406791687	3.299999606609344
-0.7585059642791747	-0.01376906633377075	-0.7585059642791747	3.299999606609344
-0.7567943215370178	-0.013305258750915526	-0.7567943215370178	3.299999606609344
-0.742509913444519	-0.016577482223510742	-0.742509913444519	3.299999606609344
-0.7271586298942565	-0.014910686016082763	-0.7271586298942565	3.299999606609344
-0.7188427448272705	-0.016471660137176512	-0.7188427448272705	3.299999606609344
-0.7026881575584412	-0.014562141895294188	-0.7026881575584412	3.299999606609344
-0.6955642461776733	-0.01434420347213745	-0.6955642461776733	3.299999606609344
-0.6530552387237548	-0.014092040061950683	-0.6530552387237548	3.299999606609344
-0.6433019042015076	-0.01532689332962036	-0.6433019042015076	3.299999606609344
-0.6115757346153259	-0.015025949478149413	-0.6115757346153259	3.299999606609344
-0.588549792766571	-0.015896522998809812	-0.588549792766571	3.299999606609344
-0.5380136489868164	-0.014231300354003905	-0.5380136489868164	3.299999606609344
-0.5245124816894531	-0.015882754325866697	-0.5245124816894531	3.299999606609344
-0.4892756938934326	-0.015538537502288818	-0.4892756938934326	3.299999606609344
-0.4291597008705139	-0.016970086097717284	-0.4291597008705139	3.299999606609344
-0.41336899995803833	-0.015285587310791014	-0.41336899995803833	3.299999606609344
-0.3646393060684204	-0.016740345954895017	-0.3646393060684204	3.299999606609344
-0.330960738658905	-0.01524231433868408	-0.330960738658905	3.299999606609344
-0.26123853921890255	-0.016689991950988768	-0.26123853921890255	3.299999606609344
-0.2433018922805786	-0.015285193920135498	-0.2433018922805786	3.299999606609344
-0.18889399766921997	-0.016490542888641355	-0.18889399766921997	3.299999606609344
-0.12406833171844482	-0.013867413997650145	-0.12406833171844482	3.299999606609344
-0.10533585548400878	-0.015444517135620117	-0.10533585548400878	3.299999606609344
-0.04887210130691528	-0.014824533462524414	-0.04887210130691528	3.299999606609344
-0.011024379730224609	-0.015435469150543212	-0.011024379730224609	3.299999606609344
0.06464706659317017	-0.01418842077255249	0.06464706659317017	3.299999606609344
0.08349401950836181	-0.015496444702148436	0.08349401950836181	3.299999606609344
0.13970206975936889	-0.014547586441040039	0.13970206975936889	3.299999606609344
0.20414221286773682	-0.017006278038024902	0.20414221286773682	3.299999606609344
0.23111346960067747	-0.014429175853729248	0.23111346960067747	3.299999606609344
0.27591279745101926	-0.016657733917236326	0.27591279745101926	3.299999606609344
0.29319602251052856	-0.016341447830200195	0.29319602251052856	3.299999606609344
0.3775252103805542	-0.01616009473800659	0.3775252103805542	3.299999606609344
0.39371323585510254	-0.015288734436035156	0.39371323585510254	3.299999606609344
0.44088352918624873	-0.016971266269683837	0.44088352918624873	3.299999606609344
0.4720471501350403	-0.005741536617279053	0.4720471501350403	3.299999606609344
0.5284699916839599	-0.00789731740951538	0.5284699916839599	3.299999606609344
0.5417268633842468	-0.005593228340148925	0.5417268633842468	3.299999606609344
0.5738263607025146	-0.00733201503753662	0.5738263607025146	3.299999606609344
0.6194435477256774	-0.005022811889648437	0.6194435477256774	3.299999606609344
0.6299376368522643	-0.005938625335693359	0.6299376368522643	3.299999606609344
0.6591748237609862	-0.005883550643920898	0.6591748237609862	3.299999606609344
0.6764419198036193	-0.0063221812248229975	0.6764419198036193	3.299999606609344
0.7060571551322936	-0.0052080988883972164	0.7060571551322936	3.299999606609344
0.7123569130897521	-0.0063048720359802244	0.7123569130897521	3.299999606609344
0.7286460399627686	-0.006500387191772461	0.7286460399627686	3.299999606609344
0.7422274589538573	-0.0072387814521789546	0.7422274589538573	3.299999606609344
0.74479079246521	-0.00607985258102417	0.74479079246521	3.299999606609344
0.7505386233329773	-0.007223045825958251	0.7505386233329773	3.299999606609344
0.7517805576324462	-0.005093622207641601	0.7517805576324462	3.299999606609344
0.7488977909088135	-0.007211637496948242	0.7488977909088135	3.299999606609344
0.7469261169433593	-0.006215572357177734	0.7469261169433593	3.299999606609344
0.7385071635246276	-0.007997238636016845	0.7385071635246276	3.299999606609344
0.7236157536506652	-0.006316280364990234	0.7236157536506652	3.299999606609344
0.7073435425758361	-0.0049374461174011225	0.7073435425758361	3.299999606609344
0.6875532388687133	-0.005338311195373535	0.6875532388687133	3.299999606609344
0.6806213021278381	-0.004298186302185058	0.6806213021278381	3.299999606609344
0.6388062357902526	-0.0039055824279785154	0.6388062357902526	3.299999606609344
0.6284053802490234	-0.005187249183654785	0.6284053802490234	3.299999606609344
0.5971807837486267	-0.00480644702911377	0.5971807837486267	3.299999606609344
0.5734632611274719	-0.006381189823150634	0.5734632611274719	3.299999606609344
0.5245179891586303	-0.00397796630859375	0.5245179891586303	3.299999606609344
0.5111002206802367	-0.004630601406097412	0.5111002206802367	3.299999606609344
0.47583432197570796	-0.005254912376403808	0.47583432197570796	3.299999606609344
0.4168505072593689	-0.004443347454071045	0.4168505072593689	3.299999606609344
0.4012258172035217	-0.00430448055267334	0.4012258172035217	3.299999606609344
0.35284388065338135	-0.005570411682128906	0.35284388065338135	3.299999606609344
0.3186255812644958	-0.004071199893951416	0.3186255812644958	3.299999606609344
0.24961227178573608	-0.004588508605957031	0.24961227178573608	3.299999606609344
0.23194824457168578	-0.004050743579864502	0.23194824457168578	3.299999606609344
0.18667409420013426	-0.005562150478363037	0.18667409420013426	3.299999606609344
0.11301523447036743	-0.004693150520324707	0.11301523447036743	3.299999606609344
0.09418047666549682	-0.004411482810974121	0.09418047666549682	3.299999606609344
0.037765109539031984	-0.007797789573669433	0.037765109539031984	3.299999606609344
-0.0004661679267883301	-0.009333193302154541	-0.0004661679267883301	3.299999606609344
-0.07439213991165161	-0.004606211185455322	-0.07439213991165161	3.299999606609344
-0.09302705526351929	-0.004543268680572509	-0.09302705526351929	3.299999606609344
-0.14925202131271362	-0.006359946727752685	-0.14925202131271362	3.299999606609344
-0.21296045780181883	-0.005293071269989014	-0.21296045780181883	3.299999606609344
-0.24058985710144043	-0.008873319625854493	-0.24058985710144043	3.299999606609344
-0.283583128452301	-0.00685129165649414	-0.283583128452301	3.299999606609344
-0.30147374868392945	-0.00582808256149292	-0.30147374868392945	3.299999606609344
-0.3864756345748901	-0.004313921928405761	-0.3864756345748901	3.299999606609344
-0.4021652340888977	-0.005483472347259521	-0.4021652340888977	3.299999606609344
-0.4485452055931091	-0.005358767509460449	-0.4485452055931091	3.299999606609344
-0.47851488590240476	-0.00759047269821167	-0.47851488590240476	3.299999606609344
-0.5217217683792114	-0.007789134979248047	-0.5217217683792114	3.299999606609344
-0.5476572275161743	-0.009322965145111084	-0.5476572275161743	3.299999606609344
-0.5784412264823914	-0.005452394485473633	-0.5784412264823914	3.299999606609344
-0.6249167919158936	-0.007124698162078857	-0.6249167919158936	3.299999606609344
-0.6352649331092834	-0.010090863704681395	-0.6352649331092834	3.299999606609344
-0.6641787528991698	-0.005725014209747314	-0.6641787528991698	3.299999606609344
-0.6815780282020568	-0.00918881893157959	-0.6815780282020568	3.299999606609344
-0.7148018360137939	-0.012204945087432861	-0.7148018360137939	3.299999606609344
-0.7197416424751282	-0.010267496109008789	-0.7197416424751282	3.299999606609344
-0.733179473876953	-0.010105812549591064	-0.733179473876953	3.299999606609344
-0.7493041634559631	-0.011799359321594238	-0.7493041634559631	3.299999606609344
-0.752425718307495	-0.01086663007736206	-0.752425718307495	3.299999606609344
-0.7579272866249084	-0.011761987209320068	-0.7579272866249084	3.299999606609344
-0.7592482924461365	-0.010423278808593749	-0.7592482924461365	3.299999606609344
-0.756273078918457	-0.011808013916015624	-0.756273078918457	3.299999606609344
-0.7544866919517517	-0.01045396327972412	-0.7544866919517517	3.299999606609344
-0.7455354809761047	-0.011226189136505126	-0.7455354809761047	3.299999606609344
-0.7301401376724242	-0.009103059768676758	-0.7301401376724242	3.299999606609344
-0.7220819234848022	-0.011509430408477782	-0.7220819234848022	3.299999606609344
-0.7058223009109497	-0.009574341773986816	-0.7058223009109497	3.299999606609344
-0.6985174298286437	-0.009197866916656494	-0.6985174298286437	3.299999606609344
-0.6561429619789123	-0.008988189697265624	-0.6561429619789123	3.299999606609344
-0.6462385654449463	-0.010909903049468993	-0.6462385654449463	3.299999606609344
-0.6143491387367248	-0.00963374376296997	-0.6143491387367248	3.299999606609344
-0.5914054155349732	-0.010525560379028319	-0.5914054155349732	3.299999606609344
-0.5472123026847839	-0.009030282497406006	-0.5472123026847839	3.299999606609344
-0.5271969795227051	-0.010568833351135253	-0.5271969795227051	3.299999606609344
-0.4913850545883178	-0.010512971878051757	-0.4913850545883178	3.299999606609344
-0.431276535987854	-0.012138855457305907	-0.431276535987854	3.299999606609344
-0.4154748201370239	-0.010468125343322754	-0.4154748201370239	3.299999606609344
-0.366533088684082	-0.011357581615447997	-0.366533088684082	3.299999606609344
-0.3330122709274292	-0.010734450817108153	-0.3330122709274292	3.299999606609344
-0.2632007718086243	-0.01180722713470459	-0.2632007718086243	3.299999606609344
-0.2452708125114441	-0.010560572147369385	-0.2452708125114441	3.299999606609344
-0.19966385364532468	-0.0104736328125	-0.19966385364532468	3.299999606609344
-0.12605574131011962	-0.008786380290985107	-0.12605574131011962	3.299999606609344
-0.1075270414352417	-0.010508644580841064	-0.1075270414352417	3.299999606609344
-0.050756835937499994	-0.009380793571472168	-0.050756835937499994	3.299999606609344
-0.031863069534301756	-0.008788347244262695	-0.031863069534301756	3.299999606609344
0.06305462121963501	-0.009468519687652588	0.06305462121963501	3.299999606609344
0.08195979595184326	-0.010779690742492675	0.08195979595184326	3.299999606609344
0.1384939670562744	-0.00943901538848877	0.1384939670562744	3.299999606609344
0.2029695153236389	-0.011679768562316895	0.2029695153236389	3.299999606609344
0.22975155115127563	-0.00957198143005371	0.22975155115127563	3.299999606609344
0.27437070608139036	-0.011395347118377685	0.27437070608139036	3.299999606609344
0.29189586639404297	-0.011683309078216552	0.29189586639404297	3.299999606609344
0.3759166359901428	-0.011951208114624023	0.3759166359901428	3.299999606609344
0.39218333959579466	-0.010524773597717285	0.39218333959579466	3.299999606609344
0.4393555998802185	-0.011058604717254637	0.4393555998802185	3.299999606609344
0.4691403865814209	-0.01014043092727661	0.4691403865814209	3.299999606609344
0.5190313696861267	-0.011477172374725342	0.5190313696861267	3.299999606609344
0.5388684868812561	-0.01011958122253418	0.5388684868812561	3.299999606609344
0.5710887551307678	-0.010594403743743895	0.5710887551307678	3.299999606609344
0.6165076732635498	-0.008454751968383788	0.6165076732635498	3.299999606609344
0.6271079778671265	-0.01055309772491455	0.6271079778671265	3.299999606609344
0.6563396573066711	-0.009596765041351318	0.6563396573066711	3.299999606609344
0.6734521508216857	-0.01083909273147583	0.6734521508216857	3.299999606609344
0.7030909895896911	-0.009145545959472656	0.7030909895896911	3.299999606609344
0.7092267036437988	-0.010714387893676756	0.7092267036437988	3.299999606609344
0.7232880592346191	-0.009888267517089842	0.7232880592346191	3.299999606609344
0.739029586315155	-0.01149841547012329	0.739029586315155	3.299999606609344
0.7415539741516113	-0.010157740116119383	0.7415539741516113	3.299999606609344
0.7471672654151916	-0.011134135723114013	0.7471672654151916	3.299999606609344
0.7484261155128479	-0.010460257530212402	0.7484261155128479	3.299999606609344
0.745474112033844	-0.01165616512298584	0.745474112033844	3.299999606609344
0.7435256481170653	-0.010336339473724365	0.7435256481170653	3.299999606609344
0.7351778984069823	-0.011533427238464355	0.7351778984069823	3.299999606609344
0.7197475433349609	-0.008830440044403075	0.7197475433349609	3.299999606609344
0.7112955451011658	-0.01169983148574829	0.7112955451011658	3.299999606609344
0.6951669216156006	-0.009224224090576171	0.6951669216156006	3.299999606609344
0.6879159450531005	-0.009119582176208495	0.6879159450531005	3.299999606609344
0.6452995419502258	-0.009019267559051513	0.6452995419502258	3.299999606609344
0.6355772852897643	-0.01107945442199707	0.6355772852897643	3.299999606609344
0.6038782596588135	-0.009728550910949707	0.6038782596588135	3.299999606609344
0.5806453943252563	-0.010845780372619629	0.5806453943252563	3.299999606609344
0.5368122339248657	-0.00910109281539917	0.5368122339248657	3.299999606609344
0.516498327255249	-0.010396528244018554	0.516498327255249	3.299999606609344
0.48178553581237793	-0.010234451293945311	0.48178553581237793	3.299999606609344
0.42110856771469113	-0.012207698822021483	0.42110856771469113	3.299999606609344
0.40539851188659665	-0.010516512393951415	0.40539851188659665	3.299999606609344
0.35690760612487793	-0.011655378341674804	0.35690760612487793	3.299999606609344
0.3231708168983459	-0.010568439960479736	0.3231708168983459	3.299999606609344
0.2535686016082764	-0.011965370178222655	0.2535686016082764	3.299999606609344
0.23570905923843383	-0.010513365268707275	0.23570905923843383	3.299999606609344
0.19083144664764404	-0.010632562637329101	0.19083144664764404	3.299999606609344
0.1163024067878723	-0.009090077877044677	0.1163024067878723	3.299999606609344
0.09756717681884765	-0.010874497890472411	0.09756717681884765	3.299999606609344
0.04095865488052368	-0.009289920330047607	0.04095865488052368	3.299999606609344
0.0029563307762145996	-0.010808801651000975	0.0029563307762145996	3.299999606609344
-0.07287522554397582	-0.009084570407867431	-0.07287522554397582	3.299999606609344
-0.09183980226516723	-0.011123514175415038	-0.09183980226516723	3.299999606609344
-0.1477052092552185	-0.009419739246368408	-0.1477052092552185	3.299999606609344
-0.21202064752578734	-0.011975204944610594	-0.21202064752578734	3.299999606609344
-0.22650529146194456	-0.009454357624053954	-0.22650529146194456	3.299999606609344
-0.2835315942764282	-0.011738777160644531	-0.2835315942764282	3.299999606609344
-0.300993812084198	-0.01190124750137329	-0.300993812084198	3.299999606609344
-0.3858886957168579	-0.012495660781860351	-0.3858886957168579	3.299999606609344
-0.40207514762878416	-0.010781657695770263	-0.40207514762878416	3.299999606609344
-0.44929736852645874	-0.011496055126190185	-0.44929736852645874	3.299999606609344
-0.4796651601791382	-0.010490155220031737	-0.4796651601791382	3.299999606609344
-0.536125373840332	-0.012061750888824462	-0.536125373840332	3.299999606609344
-0.549552583694458	-0.01053028106689453	-0.549552583694458	3.299999606609344
-0.581031310558319	-0.010800933837890624	-0.581031310558319	3.299999606609344
-0.627366042137146	-0.00935128927230835	-0.627366042137146	3.299999606609344
-0.637886095046997	-0.011374497413635254	-0.637886095046997	3.299999606609344
-0.6668781995773315	-0.009579062461853027	-0.6668781995773315	3.299999606609344
-0.6843274354934692	-0.011269068717956542	-0.6843274354934692	3.299999606609344
-0.7138218998908996	-0.009313523769378662	-0.7138218998908996	3.299999606609344
-0.7201244115829467	-0.010945701599121093	-0.7201244115829467	3.299999606609344
-0.7334202289581299	-0.010654985904693604	-0.7334202289581299	3.299999606609344
-0.7496487736701964	-0.012519657611846924	-0.7496487736701964	3.299999606609344
-0.7523781180381774	-0.010578274726867676	-0.7523781180381774	3.299999606609344
-0.7578757524490356	-0.011680948734283447	-0.7578757524490356	3.299999606609344
-0.7591672539710999	-0.011601877212524413	-0.7591672539710999	3.299999606609344
-0.7562718987464905	-0.01218724250793457	-0.7562718987464905	3.299999606609344
-0.7543482184410095	-0.010517299175262451	-0.7543482184410095	3.299999606609344
-0.7453612089157104	-0.01160895824432373	-0.7453612089157104	3.299999606609344
-0.7301251888275146	-0.009319424629211426	-0.7301251888275146	3.299999606609344
-0.7247994661331176	-0.011101877689361571	-0.7247994661331176	3.299999606609344
-0.7057097911834717	-0.00938040018081665	-0.7057097911834717	3.299999606609344
-0.698287296295166	-0.009307622909545898	-0.698287296295166	3.299999606609344
-0.6558274626731873	-0.009559786319732666	-0.6558274626731873	3.299999606609344
-0.6459777474403381	-0.010979139804840088	-0.6459777474403381	3.299999606609344
-0.6140997290611266	-0.009437048435211181	-0.6140997290611266	3.299999606609344
-0.59102303981781	-0.011322176456451415	-0.59102303981781	3.299999606609344
-0.5467355132102966	-0.0089921236038208	-0.5467355132102966	3.299999606609344
-0.5267784118652343	-0.011284804344177245	-0.5267784118652343	3.299999606609344
-0.4911399722099304	-0.010609352588653564	-0.4911399722099304	3.299999606609344
-0.43087331056594846	-0.01220022439956665	-0.43087331056594846	3.299999606609344
-0.41503540277481077	-0.010460650920867919	-0.41503540277481077	3.299999606609344
-0.3659315943717956	-0.011808013916015624	-0.3659315943717956	3.299999606609344
-0.33255869150161743	-0.010343027114868163	-0.33255869150161743	3.299999606609344
-0.2625748872756958	-0.01197913885116577	-0.2625748872756958	3.299999606609344
-0.24490889310836791	-0.01042957305908203	-0.24490889310836791	3.299999606609344
-0.19927990436553955	-0.010620760917663574	-0.19927990436553955	3.299999606609344
-0.12567061185836792	-0.009625875949859619	-0.12567061185836792	3.299999606609344
-0.10689289569854736	-0.011242318153381347	-0.10689289569854736	3.299999606609344
-0.05030168294906616	-0.009429967403411866	-0.05030168294906616	3.299999606609344
-0.012329256534576415	-0.011101090908050537	-0.012329256534576415	3.299999606609344
0.06366162300109864	-0.01003342866897583	0.06366162300109864	3.299999606609344
0.08248025178909302	-0.011185276508331298	0.08248025178909302	3.299999606609344
0.1389790177345276	-0.009952390193939209	0.1389790177345276	3.299999606609344
0.20338532924652097	-0.011640822887420653	0.20338532924652097	3.299999606609344
0.22124369144439696	-0.010272610187530517	0.22124369144439696	3.299999606609344
0.2748628377914429	-0.011743497848510741	0.2748628377914429	3.299999606609344
0.29242773056030275	-0.011761987209320068	0.29242773056030275	3.299999606609344
0.37634779214859004	-0.011846566200256347	0.37634779214859004	3.299999606609344
0.3924886107444763	-0.010144364833831786	0.3924886107444763	3.299999606609344
0.43979580402374263	-0.011570405960083007	0.43979580402374263	3.299999606609344
0.46952472925186156	-0.010164427757263183	0.46952472925186156	3.299999606609344
0.5193598508834839	-0.012119579315185546	0.5193598508834839	3.299999606609344
0.5391116023063659	-0.010215568542480468	0.5391116023063659	3.299999606609344
0.5711178660392761	-0.011025559902191161	0.5711178660392761	3.299999606609344
0.6167657375335693	-0.009341847896575927	0.6167657375335693	3.299999606609344
0.6273550271987914	-0.01118016242980957	0.6273550271987914	3.299999606609344
0.656562316417694	-0.009086930751800537	0.656562316417694	3.299999606609344
0.6737027406692504	-0.010930359363555908	0.6737027406692504	3.299999606609344
0.7033223032951355	-0.009529101848602294	0.7033223032951355	3.299999606609344
0.7094576239585876	-0.011336731910705566	0.7094576239585876	3.299999606609344
0.7234182715415954	-0.010439014434814452	0.7234182715415954	3.299999606609344
0.7389131426811217	-0.012013757228851318	0.7389131426811217	3.299999606609344
0.7416940212249755	-0.010365843772888184	0.7416940212249755	3.299999606609344
0.7472258806228638	-0.011504316329956054	0.7472258806228638	3.299999606609344
0.7484115600585937	-0.010556244850158691	0.7484115600585937	3.299999606609344
0.7455362677574158	-0.011787164211273193	0.7455362677574158	3.299999606609344
0.743505585193634	-0.010482287406921385	0.743505585193634	3.299999606609344
0.7351122021675109	-0.011592042446136474	0.7351122021675109	3.299999606609344
0.7197223663330078	-0.00896458625793457	0.7197223663330078	3.299999606609344
0.7139277219772339	-0.011159706115722656	0.7139277219772339	3.299999606609344
0.6949560642242432	-0.009792673587799072	0.6949560642242432	3.299999606609344
0.6875988721847534	-0.009480714797973633	0.6875988721847534	3.299999606609344
0.6450477719306945	-0.009450817108154297	0.6450477719306945	3.299999606609344
0.6351410150527954	-0.011236417293548583	0.6351410150527954	3.299999606609344
0.6035863637924194	-0.008925247192382812	0.6035863637924194	3.299999606609344
0.5803047180175781	-0.011307227611541747	0.5803047180175781	3.299999606609344
0.5365604639053344	-0.009192752838134765	0.5365604639053344	3.299999606609344
0.5160345196723938	-0.010970878601074218	0.5160345196723938	3.299999606609344
0.48099285364151	-0.009929966926574706	0.48099285364151	3.299999606609344
0.4206227302551269	-0.012020838260650634	0.4206227302551269	3.299999606609344
0.4048989057540893	-0.010140824317932128	0.4048989057540893	3.299999606609344
0.35651500225067134	-0.011547982692718506	0.35651500225067134	3.299999606609344
0.32273061275482173	-0.010360336303710936	0.32273061275482173	3.299999606609344
0.2530898451805115	-0.012054276466369628	0.2530898451805115	3.299999606609344
0.2352051258087158	-0.010379219055175781	0.2352051258087158	3.299999606609344
0.19023663997650145	-0.011855220794677733	0.19023663997650145	3.299999606609344
0.11607148647308349	-0.009465765953063964	0.11607148647308349	3.299999606609344
0.09704396724700927	-0.011332011222839354	0.09704396724700927	3.299999606609344
0.04048855304718017	-0.009195899963378907	0.04048855304718017	3.299999606609344
0.0023540496826171876	-0.011197865009307861	0.0023540496826171876	3.299999606609344
-0.07347593307495116	-0.00940951108932495	-0.07347593307495116	3.299999606609344
-0.09222493171691894	-0.011169147491455077	-0.09222493171691894	3.299999606609344
-0.1482716917991638	-0.00967268943786621	-0.1482716917991638	3.299999606609344
-0.21252694129943847	-0.012022018432617188	-0.21252694129943847	3.299999606609344
-0.23109891414642333	-0.01065065860748291	-0.23109891414642333	3.299999606609344
-0.28404732942581173	-0.012077879905700683	-0.28404732942581173	3.299999606609344
-0.3015850782394409	-0.011756873130798338	-0.3015850782394409	3.299999606609344
-0.38639341592788695	-0.011751365661621093	-0.38639341592788695	3.299999606609344
-0.4026900172233581	-0.010307621955871581	-0.4026900172233581	3.299999606609344
-0.44965889453887936	-0.011697864532470702	-0.44965889453887936	3.299999606609344
-0.4801175594329834	-0.010102272033691406	-0.4801175594329834	3.299999606609344
-0.5296718001365661	-0.012322175502777099	-0.5296718001365661	3.299999606609344
-0.5434125423431396	-0.010573160648345946	-0.5434125423431396	3.299999606609344
-0.5875112414360046	-0.011875677108764648	-0.5875112414360046	3.299999606609344
-0.6111115336418151	-0.010568439960479736	-0.6111115336418151	3.299999606609344
-0.6480627179145813	-0.011978352069854736	-0.6480627179145813	3.299999606609344
-0.6579895377159118	-0.011566472053527831	-0.6579895377159118	3.299999606609344
-0.6844006061553954	-0.011048376560211182	-0.6844006061553954	3.299999606609344
-0.713930082321167	-0.009588897228240967	-0.713930082321167	3.299999606609344
-0.7202129244804382	-0.011529493331909179	-0.7202129244804382	3.299999606609344
-0.7334635019302368	-0.010441374778747558	-0.7334635019302368	3.299999606609344
-0.749749481678009	-0.011976385116577148	-0.749749481678009	3.299999606609344
-0.7525732398033141	-0.010493302345275879	-0.7525732398033141	3.299999606609344
-0.7579815745353699	-0.011976385116577148	-0.7579815745353699	3.299999606609344
-0.7592711091041564	-0.010175049304962158	-0.7592711091041564	3.299999606609344
-0.7564021110534668	-0.012001562118530273	-0.7564021110534668	3.299999606609344
-0.7530555367469787	-0.010479140281677245	-0.7530555367469787	3.299999606609344
-0.7408647537231445	-0.011520445346832275	-0.7408647537231445	3.299999606609344
-0.7253989934921264	-0.00945357084274292	-0.7253989934921264	3.299999606609344
-0.719838809967041	-0.01164278984069824	-0.719838809967041	3.299999606609344
-0.700658655166626	-0.009610533714294434	-0.700658655166626	3.299999606609344
-0.6933718800544738	-0.009585750102996825	-0.6933718800544738	3.299999606609344
-0.6506284117698669	-0.009612107276916504	-0.6506284117698669	3.299999606609344
-0.6408648490905762	-0.011314308643341063	-0.6408648490905762	3.299999606609344
-0.6090745568275452	-0.009451603889465332	-0.6090745568275452	3.299999606609344
-0.5858829975128174	-0.011455535888671875	-0.5858829975128174	3.299999606609344
-0.535375964641571	-0.00973917245864868	-0.535375964641571	3.299999606609344
-0.47222378253936764	-0.009575128555297852	-0.47222378253936764	3.299999606609344
-0.4574181318283081	-0.010446882247924803	-0.4574181318283081	3.299999606609344
-0.2493014931678772	-0.010760414600372314	-0.2493014931678772	3.299999606609344
-0.20255409479141234	-0.01438983678817749	-0.20255409479141234	3.299999606609344
-0.18464813232421873	-0.014645934104919434	-0.18464813232421873	3.299999606609344
-0.09186655282974243	-0.015038537979125976	-0.09186655282974243	3.299999606609344
-0.06182684898376464	-0.012960648536682128	-0.06182684898376464	3.299999606609344
-0.003377258777618408	-0.014610135555267334	-0.003377258777618408	3.299999606609344
0.01908416748046875	-0.017103052139282225	0.01908416748046875	3.299999606609344
0.1038814902305603	-0.01687803268432617	0.1038814902305603	3.299999606609344
0.12251719236373901	-0.015926814079284667	0.12251719236373901	3.299999606609344
0.2145576238632202	-0.0160774827003479	0.2145576238632202	3.299999606609344
0.23260796070098877	-0.014711630344390868	0.23260796070098877	3.299999606609344
0.2947569966316223	-0.01651886701583862	0.2947569966316223	3.299999606609344
0.31184667348861694	-0.014821386337280272	0.31184667348861694	3.299999606609344
0.32899850606918335	-0.014228546619415283	0.32899850606918335	3.299999606609344
0.47208963632583617	-0.015132951736450195	0.47208963632583617	3.299999606609344
0.48659276962280273	-0.014113283157348631	0.48659276962280273	3.299999606609344
0.5283861994743347	-0.016560959815979003	0.5283861994743347	3.299999606609344
0.5415777683258056	-0.01554129123687744	0.5415777683258056	3.299999606609344
0.6024954915046692	-0.01528480052947998	0.6024954915046692	3.299999606609344
0.6135210514068603	-0.014324140548706054	0.6135210514068603	3.299999606609344
0.6797452211380004	-0.01673523187637329	0.6797452211380004	3.299999606609344
0.7142082095146178	-0.016787946224212646	0.7142082095146178	3.299999606609344
0.7197530508041381	-0.016741526126861573	0.7197530508041381	3.299999606609344
0.7337184190750121	-0.01538708209991455	0.7337184190750121	3.299999606609344
0.7390154242515563	-0.017030668258666993	0.7390154242515563	3.299999606609344
0.7468623876571655	-0.014352858066558838	0.7468623876571655	3.299999606609344
0.7481967687606811	-0.016145145893096922	0.7481967687606811	3.299999606609344
0.7502947211265564	-0.014450025558471679	0.7502947211265564	3.299999606609344
0.7498914957046509	-0.014763951301574707	0.7498914957046509	3.299999606609344
0.7412754535675048	-0.014584171772003173	0.7412754535675048	3.299999606609344
0.7381554722785949	-0.016468119621276856	0.7381554722785949	3.299999606609344
0.7260535955429077	-0.014650261402130126	0.7260535955429077	3.299999606609344
0.696451735496521	-0.014750182628631592	0.696451735496521	3.299999606609344
0.6891464710235595	-0.01444805860519409	0.6891464710235595	3.299999606609344
0.6465277075767517	-0.01475214958190918	0.6465277075767517	3.299999606609344
0.6367857813835144	-0.01628243923187256	0.6367857813835144	3.299999606609344
0.5572807431221009	-0.0160774827003479	0.5572807431221009	3.299999606609344
0.5444660425186157	-0.01443192958831787	0.5444660425186157	3.299999606609344
0.5040852785110473	-0.017239558696746825	0.5040852785110473	3.299999606609344
0.489777660369873	-0.01604522466659546	0.489777660369873	3.299999606609344
0.4455157041549682	-0.016068434715270995	0.4455157041549682	3.299999606609344
0.4301077723503113	-0.017147111892700195	0.4301077723503113	3.299999606609344
0.349523663520813	-0.017064499855041503	0.349523663520813	3.299999606609344
0.2897164821624756	-0.01563727855682373	0.2897164821624756	3.299999606609344
0.27212995290756226	-0.016809582710266113	0.27212995290756226	3.299999606609344
0.254535162448883	-0.016635704040527343	0.254535162448883	3.299999606609344
0.2366150379180908	-0.014788341522216796	0.2366150379180908	3.299999606609344
0.20958123207092283	-0.014636099338531494	0.20958123207092283	3.299999606609344
0.1912759780883789	-0.01638590097427368	0.1912759780883789	3.299999606609344
0.17316781282424926	-0.017149078845977783	0.17316781282424926	3.299999606609344
0.1545801043510437	-0.016286373138427734	0.1545801043510437	3.299999606609344
0.1360612392425537	-0.01457827091217041	0.1360612392425537	3.299999606609344
0.10807542800903319	-0.015307617187499999	0.10807542800903319	3.299999606609344
0.08918795585632323	-0.01683436632156372	0.08918795585632323	3.299999606609344
0.07058018445968628	-0.017123115062713624	0.07058018445968628	3.299999606609344
0.051681697368621826	-0.015131771564483643	0.051681697368621826	3.299999606609344
0.03266165256500244	-0.014400851726531981	0.03266165256500244	3.299999606609344
0.013746249675750732	-0.015176224708557128	0.013746249675750732	3.299999606609344
-0.005202198028564453	-0.01683593988418579	-0.005202198028564453	3.299999606609344
-0.033666372299194336	-0.016146719455718994	-0.033666372299194336	3.299999606609344
-0.052599084377288816	-0.014719104766845702	-0.052599084377288816	3.299999606609344
-0.071502685546875	-0.014980709552764891	-0.071502685546875	3.299999606609344
-0.09024696350097655	-0.016141211986541747	-0.09024696350097655	3.299999606609344
-0.13710647821426392	-0.015246641635894774	-0.13710647821426392	3.299999606609344
-0.21073662042617797	-0.01661996841430664	-0.21073662042617797	3.299999606609344
-0.2289093017578125	-0.015280079841613768	-0.2289093017578125	3.299999606609344
-0.28237345218658444	-0.01704404354095459	-0.28237345218658444	3.299999606609344
-0.2999273300170898	-0.016940581798553466	-0.2999273300170898	3.299999606609344
-0.3843753218650818	-0.017058205604553223	-0.3843753218650818	3.299999606609344
-0.4005849838256836	-0.015245461463928222	-0.4005849838256836	3.299999606609344
-0.4476683378219604	-0.016788339614868163	-0.4476683378219604	3.299999606609344
-0.4777001738548279	-0.015533030033111572	-0.4777001738548279	3.299999606609344
-0.5272406458854675	-0.017462611198425293	-0.5272406458854675	3.299999606609344
-0.5407304048538207	-0.016354429721832275	-0.5407304048538207	3.299999606609344
-0.578958535194397	-0.016458678245544433	-0.578958535194397	3.299999606609344
-0.6247374057769775	-0.015044045448303222	-0.6247374057769775	3.299999606609344
-0.6352275609970093	-0.01613767147064209	-0.6352275609970093	3.299999606609344
-0.6642357945442199	-0.014788341522216796	-0.6642357945442199	3.299999606609344
-0.6815170526504516	-0.01602555513381958	-0.6815170526504516	3.299999606609344
-0.7075571537017822	-0.014667963981628417	-0.7075571537017822	3.299999606609344
-0.71709805727005	-0.016395342350006104	-0.71709805727005	3.299999606609344
-0.7306381702423095	-0.015186846256256104	-0.7306381702423095	3.299999606609344
-0.7464910268783569	-0.017003130912780762	-0.7464910268783569	3.299999606609344
-0.7492195844650268	-0.014990937709808349	-0.7492195844650268	3.299999606609344
-0.7547518372535705	-0.016726970672607422	-0.7547518372535705	3.299999606609344
-0.7559697747230529	-0.015249788761138916	-0.7559697747230529	3.299999606609344
-0.7528926730155945	-0.01632610559463501	-0.7528926730155945	3.299999606609344
-0.7509257197380066	-0.015070009231567382	-0.7509257197380066	3.299999606609344
-0.7439001560211181	-0.016397309303283692	-0.7439001560211181	3.299999606609344
-0.7265921473503112	-0.014725792407989501	-0.7265921473503112	3.299999606609344
-0.7211519479751587	-0.01641343832015991	-0.7211519479751587	3.299999606609344
-0.7020579457283019	-0.014926815032958984	-0.7020579457283019	3.299999606609344
-0.6948136568069457	-0.01481037139892578	-0.6948136568069457	3.299999606609344
-0.6520143270492553	-0.014840662479400635	-0.6520143270492553	3.299999606609344
-0.6422023773193359	-0.01651414632797241	-0.6422023773193359	3.299999606609344
-0.6103904485702515	-0.0150704026222229	-0.6103904485702515	3.299999606609344
-0.6001855015754699	-0.01617347002029419	-0.6001855015754699	3.299999606609344
-0.5431957840919495	-0.0142289400100708	-0.5431957840919495	3.299999606609344
-0.5298606276512146	-0.015566861629486083	-0.5298606276512146	3.299999606609344
-0.4878276228904724	-0.01526198387145996	-0.4878276228904724	3.299999606609344
-0.4274763822555542	-0.016647112369537354	-0.4274763822555542	3.299999606609344
-0.4116546034812927	-0.015116822719573974	-0.4116546034812927	3.299999606609344
-0.36273450851440425	-0.016656553745269774	-0.36273450851440425	3.299999606609344
-0.3290964603424072	-0.015282440185546874	-0.3290964603424072	3.299999606609344
-0.2680921912193298	-0.01713334321975708	-0.2680921912193298	3.299999606609344
-0.24142541885375976	-0.014761590957641601	-0.24142541885375976	3.299999606609344
-0.19600178003311156	-0.016269850730895995	-0.19600178003311156	3.299999606609344
-0.12200145721435546	-0.015118002891540527	-0.12200145721435546	3.299999606609344
-0.10330832004547119	-0.0163080096244812	-0.10330832004547119	3.299999606609344
-0.04682292938232421	-0.014392590522766112	-0.04682292938232421	3.299999606609344
-0.008975207805633545	-0.016434681415557862	-0.008975207805633545	3.299999606609344
0.06674816608428955	-0.014812338352203368	0.06674816608428955	3.299999606609344
0.08559590578079224	-0.016403996944427488	0.08559590578079224	3.299999606609344
0.13255809545516967	-0.015387868881225585	0.13255809545516967	3.299999606609344
0.2059903621673584	-0.016990935802459715	0.2059903621673584	3.299999606609344
0.22418428659439085	-0.015544044971466064	0.22418428659439085	3.299999606609344
0.27760595083236694	-0.01699801683425903	0.27760595083236694	3.299999606609344
0.29509334564208983	-0.016875672340393066	0.29509334564208983	3.299999606609344
0.3793434619903564	-0.016415011882781983	0.3793434619903564	3.299999606609344
0.3955594182014465	-0.015228939056396483	0.3955594182014465	3.299999606609344
0.4426880121231079	-0.016903603076934812	0.4426880121231079	3.299999606609344
0.4650971174240112	-0.015052306652069091	0.4650971174240112	3.299999606609344
0.5221328616142272	-0.01720966100692749	0.5221328616142272	3.299999606609344
0.5353606224060058	-0.016008639335632322	0.5353606224060058	3.299999606609344
0.5735930800437927	-0.016434288024902342	0.5735930800437927	3.299999606609344
0.6192838311195373	-0.014492905139923094	0.6192838311195373	3.299999606609344
0.6297554969787598	-0.016196680068969727	0.6297554969787598	3.299999606609344
0.6588239192962646	-0.01441580057144165	0.6588239192962646	3.299999606609344
0.6759163498878479	-0.01655309200286865	0.6759163498878479	3.299999606609344
0.7021000385284424	-0.01436072587966919	0.7021000385284424	3.299999606609344
0.7114709973335266	-0.016151833534240722	0.7114709973335266	3.299999606609344
0.7251200795173645	-0.014999592304229736	0.7251200795173645	3.299999606609344
0.740729820728302	-0.01666874885559082	0.740729820728302	3.299999606609344
0.7434312343597411	-0.014889836311340332	0.7434312343597411	3.299999606609344
0.7490185618400573	-0.016798567771911622	0.7490185618400573	3.299999606609344
0.7501676559448242	-0.015085744857788085	0.7501676559448242	3.299999606609344
0.7469961404800415	-0.01688275337219238	0.7469961404800415	3.299999606609344
0.7450378417968749	-0.015121150016784667	0.7450378417968749	3.299999606609344
0.7383505940437316	-0.016318237781524657	0.7383505940437316	3.299999606609344
0.7207801938056946	-0.014656949043273925	0.7207801938056946	3.299999606609344
0.7152994751930236	-0.016383934020996093	0.7152994751930236	3.299999606609344
0.6962385177612305	-0.014827680587768554	0.6962385177612305	3.299999606609344
0.6889824271202087	-0.014765918254852295	0.6889824271202087	3.299999606609344
0.6462220430374145	-0.014983069896697997	0.6462220430374145	3.299999606609344
0.6364325165748596	-0.016588103771209717	0.6364325165748596	3.299999606609344
0.6048546552658081	-0.014418554306030272	0.6048546552658081	3.299999606609344
0.5873936176300049	-0.015576696395874022	0.5873936176300049	3.299999606609344
0.5376658916473388	-0.014272212982177734	0.5376658916473388	3.299999606609344
0.5241159439086914	-0.01579620838165283	0.5241159439086914	3.299999606609344
0.48220489025115965	-0.015251362323760986	0.48220489025115965	3.299999606609344
0.4219264268875122	-0.016625475883483887	0.4219264268875122	3.299999606609344
0.40612785816192626	-0.01518409252166748	0.40612785816192626	3.299999606609344
0.3574666142463684	-0.017234838008880614	0.3574666142463684	3.299999606609344
0.3237565755844116	-0.015186452865600586	0.3237565755844116	3.299999606609344
0.262960410118103	-0.016521620750427245	0.262960410118103	3.299999606609344
0.23616263866424558	-0.015267884731292723	0.23616263866424558	3.299999606609344
0.190875506401062	-0.01610974073410034	0.190875506401062	3.299999606609344
0.11673434972763061	-0.014880788326263427	0.11673434972763061	3.299999606609344
0.09806402921676635	-0.01612941026687622	0.09806402921676635	3.299999606609344
0.04147911071777344	-0.014740741252899169	0.04147911071777344	3.299999606609344
0.003607785701751709	-0.016312336921691893	0.003607785701751709	3.299999606609344
-0.07201606035232544	-0.014728152751922607	-0.07201606035232544	3.299999606609344
-0.09085042476654052	-0.016989362239837647	-0.09085042476654052	3.299999606609344
-0.13759074211120606	-0.01531076431274414	-0.13759074211120606	3.299999606609344
-0.21129956245422363	-0.016542470455169676	-0.21129956245422363	3.299999606609344
-0.22940772771835327	-0.01520336866378784	-0.22940772771835327	3.299999606609344
-0.2829249858856201	-0.016996049880981443	-0.2829249858856201	3.299999606609344
-0.30040451288223263	-0.016775357723236083	-0.30040451288223263	3.299999606609344
-0.38483598232269284	-0.016835546493530272	-0.38483598232269284	3.299999606609344
-0.40100158452987666	-0.015104627609252928	-0.40100158452987666	3.299999606609344
-0.44807785749435425	-0.017265915870666504	-0.44807785749435425	3.299999606609344
-0.4707489609718323	-0.016178584098815917	-0.4707489609718323	3.299999606609344
-0.5276155471801758	-0.016734445095062254	-0.5276155471801758	3.299999606609344
-0.5410104990005493	-0.015956711769104005	-0.5410104990005493	3.299999606609344
-0.5792610526084899	-0.016859936714172363	-0.5792610526084899	3.299999606609344
-0.6250658869743346	-0.014893770217895508	-0.6250658869743346	3.299999606609344
-0.6355052947998047	-0.016611313819885253	-0.6355052947998047	3.299999606609344
-0.6644458651542663	-0.01483161449432373	-0.6644458651542663	3.299999606609344
-0.681693685054779	-0.016391801834106445	-0.681693685054779	3.299999606609344
-0.707766044139862	-0.014549946784973143	-0.707766044139862	3.299999606609344
-0.7172723293304443	-0.016361117362976074	-0.7172723293304443	3.299999606609344
-0.7308521747589111	-0.015367412567138672	-0.7308521747589111	3.299999606609344
-0.7465319395065307	-0.016468119621276856	-0.7465319395065307	3.299999606609344
-0.7492695450782776	-0.015150654315948486	-0.7492695450782776	3.299999606609344
-0.7547467231750488	-0.017047977447509764	-0.7547467231750488	3.299999606609344
-0.7560138344764709	-0.015378034114837645	-0.7560138344764709	3.299999606609344
-0.7528159618377686	-0.01679384708404541	-0.7528159618377686	3.299999606609344
-0.7508958220481872	-0.015265917778015135	-0.7508958220481872	3.299999606609344
-0.7437904000282287	-0.016444122791290282	-0.7437904000282287	3.299999606609344
-0.7264119744300842	-0.01482177972793579	-0.7264119744300842	3.299999606609344
-0.7210000991821288	-0.01662468910217285	-0.7210000991821288	3.299999606609344
-0.7017990946769714	-0.014302897453308105	-0.7017990946769714	3.299999606609344
-0.6945646405220032	-0.014957106113433837	-0.6945646405220032	3.299999606609344
-0.6517893075942993	-0.014729726314544677	-0.6517893075942993	3.299999606609344
-0.641901433467865	-0.016497623920440675	-0.641901433467865	3.299999606609344
-0.6100560665130615	-0.014427602291107178	-0.6100560665130615	3.299999606609344
-0.5929128885269165	-0.01586111783981323	-0.5929128885269165	3.299999606609344
-0.5441965699195862	-0.005850505828857422	-0.5441965699195862	3.299999606609344
-0.5310832858085632	-0.006316280364990234	-0.5310832858085632	3.299999606609344
-0.48881070613861083	-0.005999994277954101	-0.48881070613861083	3.299999606609344
-0.4284413695335388	-0.0066282391548156735	-0.4284413695335388	3.299999606609344
-0.41262037754058833	-0.005680954456329345	-0.41262037754058833	3.299999606609344
-0.36344772577285767	-0.007921314239501953	-0.36344772577285767	3.299999606609344
-0.32980456352233883	-0.0056388616561889645	-0.32980456352233883	3.299999606609344
-0.2682570219039917	-0.0075255632400512695	-0.2682570219039917	3.299999606609344
-0.2439014196395874	-0.004772615432739258	-0.2439014196395874	3.299999606609344
-0.19936959743499755	-0.007457506656646728	-0.19936959743499755	3.299999606609344
-0.12577013969421386	-0.004105424880981445	-0.12577013969421386	3.299999606609344
-0.1069857358932495	-0.004542875289916992	-0.1069857358932495	3.299999606609344
-0.050918519496917725	-0.004105818271636963	-0.050918519496917725	3.299999606609344
-0.013758051395416259	-0.005686068534851074	-0.013758051395416259	3.299999606609344
0.06179498434066772	-0.0036313891410827636	0.06179498434066772	3.299999606609344
0.08206797838211059	-0.014511001110076903	0.08206797838211059	3.299999606609344
0.12982285022735596	-0.01685088872909546	0.12982285022735596	3.299999606609344
0.2031776189804077	-0.01832098960876465	0.2031776189804077	3.299999606609344
0.22125195264816283	-0.016799354553222654	0.22125195264816283	3.299999606609344
0.27475504875183104	-0.01794726848602295	0.27475504875183104	3.299999606609344
0.2924072742462158	-0.01786741018295288	0.2924072742462158	3.299999606609344
0.3765948414802551	-0.018839478492736816	0.3765948414802551	3.299999606609344
0.3928867220878601	-0.017237985134124754	0.3928867220878601	3.299999606609344
0.43981153964996333	-0.01834970712661743	0.43981153964996333	3.299999606609344
0.4625451922416687	-0.018163239955902098	0.4625451922416687	3.299999606609344
0.5195478916168212	-0.018655765056610107	0.5195478916168212	3.299999606609344
0.5331316709518432	-0.017482280731201172	0.5331316709518432	3.299999606609344
0.5720954418182372	-0.010896134376525878	0.5720954418182372	3.299999606609344
0.6177185297012329	-0.00970337390899658	0.6177185297012329	3.299999606609344
0.6282043576240539	-0.010944914817810058	0.6282043576240539	3.299999606609344
0.6574195146560669	-0.008909511566162109	0.6574195146560669	3.299999606609344
0.6744261860847472	-0.011472058296203612	0.6744261860847472	3.299999606609344
0.7007180571556091	-0.009116828441619873	0.7007180571556091	3.299999606609344
0.7069151401519775	-0.011560964584350585	0.7069151401519775	3.299999606609344
0.7236023783683776	-0.009729337692260741	0.7236023783683776	3.299999606609344
0.739152717590332	-0.011497628688812255	0.739152717590332	3.299999606609344
0.7418741941452026	-0.009874892234802245	0.7418741941452026	3.299999606609344
0.7474756836891174	-0.012043261528015136	0.7474756836891174	3.299999606609344
0.7484914183616638	-0.009892201423645018	0.7484914183616638	3.299999606609344
0.7454339861869812	-0.011615645885467528	0.7454339861869812	3.299999606609344
0.7433132171630858	-0.009897315502166748	0.7433132171630858	3.299999606609344
0.7368443012237549	-0.010836338996887206	0.7368443012237549	3.299999606609344
0.721239674091339	-0.009754908084869384	0.721239674091339	3.299999606609344
0.7158061623573303	-0.011379611492156981	0.7158061623573303	3.299999606609344
0.6964116096496582	-0.009193933010101319	0.6964116096496582	3.299999606609344
0.6893124818801879	-0.009661674499511719	0.6893124818801879	3.299999606609344
0.6465524911880492	-0.009818637371063232	0.6465524911880492	3.299999606609344
0.6367106437683105	-0.01141737699508667	0.6367106437683105	3.299999606609344
0.6173869013786316	-0.008721470832824707	0.6173869013786316	3.299999606609344
0.5879848837852478	-0.010846960544586181	0.5879848837852478	3.299999606609344
0.5380577087402344	-0.009406757354736327	0.5380577087402344	3.299999606609344
0.5247205853462219	-0.010789132118225096	0.5247205853462219	3.299999606609344
0.4826533555984497	-0.00985954999923706	0.4826533555984497	3.299999606609344
0.4225515246391296	-0.011480712890625	0.4225515246391296	3.299999606609344
0.40685484409332273	-0.009889054298400878	0.40685484409332273	3.299999606609344
0.3576751112937927	-0.01168016195297241	0.3576751112937927	3.299999606609344
0.32425657510757444	-0.009841454029083251	0.32425657510757444	3.299999606609344
0.26261186599731445	-0.011590862274169922	0.26261186599731445	3.299999606609344
0.245146107673645	-0.010908329486846923	0.245146107673645	3.299999606609344
0.19055253267288208	-0.010937833786010742	0.19055253267288208	3.299999606609344
0.11690508127212523	-0.009765136241912841	0.11690508127212523	3.299999606609344
0.09819463491439819	-0.011489367485046385	0.09819463491439819	3.299999606609344
0.041602241992950435	-0.00916757583618164	0.041602241992950435	3.299999606609344
0.004184889793395996	-0.01148228645324707	0.004184889793395996	3.299999606609344
-0.0712430477142334	-0.009581029415130615	-0.0712430477142334	3.299999606609344
-0.09010337591171264	-0.011340272426605224	-0.09010337591171264	3.299999606609344
-0.13735431432724	-0.009131383895874022	-0.13735431432724	3.299999606609344
-0.21068705320358275	-0.011306047439575195	-0.21068705320358275	3.299999606609344
-0.22874093055725098	-0.010010218620300292	-0.22874093055725098	3.299999606609344
-0.2826806902885437	-0.011808407306671142	-0.2826806902885437	3.299999606609344
-0.3001370072364807	-0.011595582962036131	-0.3001370072364807	3.299999606609344
-0.3844115138053894	-0.011741924285888671	-0.3844115138053894	3.299999606609344
-0.4005519390106201	-0.010326111316680908	-0.4005519390106201	3.299999606609344
-0.4399803042411804	-0.011566865444183349	-0.4399803042411804	3.299999606609344
-0.469847309589386	-0.011190390586853026	-0.469847309589386	3.299999606609344
-0.52647864818573	-0.012036573886871337	-0.52647864818573	3.299999606609344
-0.5398574709892273	-0.0110062837600708	-0.5398574709892273	3.299999606609344
-0.5780718326568604	-0.010942554473876952	-0.5780718326568604	3.299999606609344
-0.6236248970031738	-0.010216355323791504	-0.6236248970031738	3.299999606609344
-0.6340226054191589	-0.011791098117828368	-0.6340226054191589	3.299999606609344
-0.6631783604621887	-0.009120762348175049	-0.6631783604621887	3.299999606609344
-0.6802523016929626	-0.01169983148574829	-0.6802523016929626	3.299999606609344
-0.7065174221992492	-0.009241139888763428	-0.7065174221992492	3.299999606609344
-0.712888777256012	-0.01091698408126831	-0.712888777256012	3.299999606609344
-0.7296181082725525	-0.009482288360595703	-0.7296181082725525	3.299999606609344
-0.7452034592628478	-0.011514544486999512	-0.7452034592628478	3.299999606609344
-0.7480374455451965	-0.01002988815307617	-0.7480374455451965	3.299999606609344
-0.7534261107444763	-0.011738383769989013	-0.7534261107444763	3.299999606609344
-0.754649555683136	-0.01021674871444702	-0.754649555683136	3.299999606609344
-0.752322256565094	-0.01137685775756836	-0.752322256565094	3.299999606609344
-0.7493655323982238	-0.010020446777343749	-0.7493655323982238	3.299999606609344
-0.7423336744308471	-0.010592043399810791	-0.7423336744308471	3.299999606609344
-0.7248604416847229	-0.009954750537872314	-0.7248604416847229	3.299999606609344
-0.719313633441925	-0.011351680755615233	-0.719313633441925	3.299999606609344
-0.70019052028656	-0.009340667724609375	-0.70019052028656	3.299999606609344
-0.692760157585144	-0.009897708892822266	-0.692760157585144	3.299999606609344
